/usr/bin/python2.7 /home/akash/projects/cdl/evaluate_CDL.py
recommendations shape(5551, 16980)
User 100
User 200
User 300
User 400
User 500
User 600
User 700
User 800
User 900
User 1000
User 1100
User 1200
User 1300
User 1400
User 1500
User 1600
User 1700
User 1800
User 1900
User 2000
User 2100
User 2200
User 2300
User 2400
User 2500
User 2600
User 2700
User 2800
User 2900
User 3000
User 3100
User 3200
User 3300
User 3400
User 3500
User 3600
User 3700
User 3800
User 3900
User 4000
User 4100
User 4200
User 4300
User 4400
User 4500
User 4600
User 4700
User 4800
User 4900
User 5000
User 5100
User 5200
User 5300
User 5400
User 5500
 total predicted 1665300
 correct 8675
 users 5551
 Recall at M
recall@300 [ 0.01229307  0.01246328  0.01266663  0.012868    0.01310098  0.01326642
  0.01349412  0.01367067  0.0138457   0.01402502  0.0141699   0.01435747
  0.01456865  0.01468246  0.014872    0.01507231  0.01523803  0.01544156
  0.01567635  0.01593944  0.01615322  0.01626256  0.01655019  0.01667181
  0.01682408  0.01700879  0.01718826  0.01736709  0.01753756  0.01773941
  0.01791873  0.01811284  0.0183075   0.01849527  0.01877043  0.01893515
  0.01908895  0.01926974  0.01940362  0.01956974  0.01967744  0.01987616
  0.02001464  0.0202608   0.02041669  0.0206144   0.02084396  0.02100848
  0.02110585  0.02119073  0.02139751  0.0215646   0.02174847  0.02187123
  0.02214939  0.02242638  0.0225114   0.02262972  0.0227391   0.02286995
  0.0229941   0.02312332  0.02328997  0.02350776  0.02361706  0.02381374
  0.02401189  0.02413647  0.0243827   0.02450073  0.02463222  0.02476114
  0.02501094  0.02519905  0.0254014   0.02552226  0.02570538  0.02585335
  0.02606317  0.02618673  0.02639392  0.02648831  0.02671365  0.02689023
  0.02708457  0.02718615  0.02738233  0.02751657  0.02769711  0.02781213
  0.02797891  0.02815891  0.02828073  0.02848488  0.02860849  0.02876611
  0.02903875  0.02920273  0.02938839  0.02956631  0.02973352  0.02991226
  0.0300695   0.03023958  0.03043611  0.03054099  0.03073279  0.03087336
  0.03102893  0.03121614  0.03136249  0.03146863  0.03158815  0.03171499
  0.03188094  0.03201581  0.03212054  0.03220217  0.03237822  0.03250807
  0.03267306  0.03286234  0.03296072  0.03314437  0.03329591  0.03344037
  0.03357996  0.03373724  0.03388984  0.03405209  0.03412212  0.03426216
  0.03444038  0.03463767  0.03473566  0.03491228  0.03506888  0.03524004
  0.03544144  0.03561534  0.03575069  0.03580215  0.03592845  0.03599383
  0.03612598  0.03629575  0.03639798  0.03654926  0.0367112   0.03683443
  0.03696101  0.03703552  0.03711461  0.03723999  0.03732345  0.03746124
  0.03766867  0.03774859  0.03783931  0.03796276  0.03810855  0.03820314
  0.03836898  0.03849328  0.03862889  0.03870098  0.0387751   0.03891019
  0.0390636   0.03912678  0.03929881  0.03942229  0.03954447  0.03965038
  0.03972583  0.03983857  0.03997197  0.04009196  0.04017346  0.04027587
  0.04038399  0.04048843  0.04059307  0.04073516  0.04091698  0.04104064
  0.0411416   0.04130004  0.0413796   0.04150888  0.04169723  0.04179326
  0.04189041  0.04205369  0.04216424  0.04231939  0.04241924  0.04247958
  0.04256418  0.04265493  0.0427457   0.04285008  0.04292298  0.04302158
  0.04310066  0.04321234  0.04333262  0.04345313  0.04356465  0.04368421
  0.04380906  0.04396164  0.04409003  0.04419865  0.04435877  0.04453455
  0.04464707  0.04473674  0.04483047  0.04493815  0.04508957  0.04524716
  0.045378    0.04551462  0.04566578  0.0458317   0.04592656  0.04604357
  0.04621664  0.0463584   0.04645963  0.04662     0.04674691  0.04688691
  0.04693446  0.04703577  0.04725467  0.0473609   0.04755633  0.04761945
  0.04767386  0.04776322  0.04786858  0.04795858  0.04810747  0.04820726
  0.04836213  0.04842547  0.04850867  0.04864428  0.0486976 ]

Process finished with exit code 0

