1 15894
1 12588
1 517
1 4973
1 13250
1 5451
1 8644
1 1545
1 8587
1 3090
1 240
1 9780
1 6164
1 4777
1 9628
1 4179
1 1181
1 2719
1 2464
1 13443
1 9866
1 944
1 3638
1 10706
1 14790
1 1141
1 9842
1 2691
1 4343
1 6674
1 4586
1 4211
1 7545
1 16493
1 4641
1 8593
1 1130
1 3468
1 2712
1 5617
1 3091
1 1980
1 1041
1 7308
1 380
1 3022
1 10125
1 11075
1 8590
1 16452
1 1113
1 6001
1 449
1 5787
1 7696
1 2196
1 2346
1 16634
1 6837
1 6637
1 845
1 9824
1 10848
1 1152
1 14767
1 7111
1 11567
1 9902
1 11452
1 16146
1 2216
1 9236
1 10944
1 5262
1 7049
1 2524
1 4793
1 1886
1 13701
1 12481
1 5044
1 11268
1 6200
1 11199
1 3231
1 8878
1 12670
1 1820
1 14907
1 1401
1 779
1 2283
1 12186
1 7969
1 317
1 86
1 2126
1 286
1 2433
1 139
1 3656
1 1423
1 12877
1 13943
1 3839
1 3651
1 12445
1 2542
1 48
1 1050
1 2560
1 9933
1 4726
1 14946
1 6427
1 8217
1 2284
1 16117
1 8126
1 4737
1 2900
1 8859
1 12439
1 9358
1 4131
1 6098
1 16588
1 9441
1 14494
1 2760
1 13391
1 16195
1 16869
1 2592
1 1729
1 14
1 8858
1 4246
1 3368
1 830
1 15699
1 2966
1 11771
1 8158
1 4820
1 15017
1 8698
1 12556
1 6091
1 10388
1 11888
1 9529
1 14275
1 12291
1 275
1 209
1 4933
1 12481
1 489
1 1474
1 3411
1 14854
1 6959
1 2298
1 212
1 15457
1 6844
1 4207
1 1168
1 1851
1 1919
1 4849
1 7534
1 5208
1 7101
1 2201
1 2240
1 2246
1 7619
1 11858
1 905
1 10031
1 16637
1 4198
1 6300
1 9991
1 13364
1 15351
1 9763
1 1195
1 2901
1 2450
1 7223
1 863
1 5596
1 16386
1 10020
1 9341
1 9843
1 2240
1 13722
1 15362
1 12151
1 3245
1 10982
1 5633
1 13565
1 4259
1 4168
1 7476
1 2715
1 3749
1 1213
1 10194
1 1141
1 6983
1 9870
1 1663
1 1213
1 1283
1 2873
1 5034
1 13736
1 6066
1 16838
1 12684
1 2345
1 8907
1 50
1 7972
1 4832
1 7109
1 8680
1 6025
1 6528
1 12492
1 7153
1 15882
1 7430
1 12706
1 2505
1 5322
1 12455
1 14623
1 359
1 2815
1 15621
1 767
1 15089
1 1993
1 3630
1 3609
1 15944
1 15007
1 14834
1 9228
1 10386
1 9472
1 3495
1 4824
1 5585
1 3294
1 10913
1 9180
1 5741
1 15029
1 15358
1 622
1 6429
1 7410
1 4820
1 12164
1 16397
1 13549
1 5175
1 5193
1 4427
1 2216
1 9684
1 14808
1 689
1 11148
1 6347
1 2539
1 8937
1 12894
1 3517
1 4137
1 1521
1 11624
1 1570
1 1377
1 13978
1 1985
1 6848
1 15787
1 3776
1 14242
1 11108
1 329
1 16294
1 5590
1 13689
1 6975
1 9925
1 12531
1 9282
1 42
1 2882
1 14420
1 1009
1 15113
1 13461
1 6549
1 12842
1 10320
1 3512
1 3673
1 11098
1 10391
1 6690
1 4498
1 10469
1 10118
1 16452
1 4574
1 6112
1 9966
1 1586
1 14607
1 1929
1 4782
1 2479
1 8786
1 15958
1 9973
1 14362
1 9569
1 12896
1 6822
1 8723
1 14365
1 13635
1 7531
1 11917
1 16119
1 320
1 4779
1 5750
1 11240
1 2489
1 6105
1 4080
1 11921
1 2770
1 9716
1 7725
1 14501
1 6207
1 4356
1 9664
1 16694
1 16045
1 582
1 8907
1 7112
1 3866
1 11986
1 3263
1 5582
1 13386
1 2681
1 9467
1 9977
1 2178
1 430
1 16532
1 4587
1 96
1 686
1 10031
1 13979
1 4296
1 16805
1 3309
1 12634
1 15094
1 3838
1 15113
1 334
1 4344
1 15694
1 15645
1 14437
1 14335
1 13907
1 1986
1 12694
1 9513
1 9818
1 5129
1 8527
1 6498
1 11701
1 8458
1 3886
1 4896
1 4471
1 2215
1 2946
1 7537
1 16244
1 4285
1 378
1 15323
1 15917
1 12826
1 3386
1 7189
1 4017
1 5332
1 13061
1 11753
1 2485
1 243
1 2048
1 12225
1 8131
1 8615
1 14565
1 4802
1 4786
1 14248
1 2793
1 10911
1 11588
1 8177
1 12833
1 2064
1 9813
1 9236
1 5966
1 2215
1 405
1 1708
1 1483
1 3786
1 11300
1 2796
1 12416
1 3513
1 3944
1 16752
1 14082
1 5592
1 14782
1 1204
1 4075
1 1275
1 1132
1 1565
1 7900
1 14868
1 11205
1 6127
1 1874
1 10663
1 1166
1 15041
1 1921
1 13653
1 5772
1 11718
1 13933
1 8396
1 7278
1 283
1 1209
1 5417
1 98
1 12076
1 9967
1 7832
1 1012
1 11017
1 6237
1 8666
1 14607
1 13700
1 8177
1 6214
1 10134
1 3520
1 11295
1 4743
1 521
1 2991
1 693
1 16809
1 4780
1 15676
1 3829
1 5515
1 2971
1 905
1 4522
1 9631
1 3896
1 14208
1 10071
1 10242
1 8721
1 4179
1 989
1 4045
1 23
1 5515
1 751
1 7479
1 7023
1 12330
1 1013
1 549
1 12627
1 881
1 13356
1 8983
1 6629
1 7192
1 5129
1 6420
1 1262
1 9947
1 3360
1 889
1 15412
1 2418
1 1006
1 3735
1 9233
1 16404
1 5402
1 12656
1 16428
1 6260
1 11250
1 7687
1 11612
1 1588
1 7253
1 3294
1 276
1 11669
1 15840
1 7094
1 15297
1 5406
1 3134
1 6807
1 5175
1 9790
1 11642
1 2360
1 4083
1 776
1 11921
1 1893
1 7603
1 11697
1 1398
1 5019
1 12843
1 13190
1 1007
1 3794
1 8445
1 13757
1 477
1 14138
1 8158
1 5009
1 10009
1 906
1 14034
1 4764
1 4725
1 176
1 230
1 11551
1 696
1 6877
1 9056
1 5046
1 16182
1 4432
1 7731
1 7547
1 8847
1 10338
1 16868
1 1380
1 5139
1 6034
1 3252
1 8237
1 2553
1 13428
1 14218
1 8459
1 5107
1 12337
1 13099
1 9541
1 4633
1 10369
1 8698
1 4282
1 1843
1 15930
1 2166
1 2803
1 3736
1 4157
1 8136
1 304
1 890
1 11905
1 10061
1 4353
1 2800
1 448
1 13474
1 10376
1 7136
1 2051
1 10577
1 12379
1 7632
1 15833
1 8745
1 3292
1 6257
1 16605
1 3680
1 6094
1 2186
1 4675
1 4342
1 1195
1 15539
1 5149
1 9953
1 14223
1 5693
1 13637
1 709
1 15323
1 6343
1 15523
1 2779
1 1206
1 1914
1 921
1 4191
1 13548
1 2717
1 2268
1 3907
1 675
1 4727
1 6932
1 11230
1 921
1 1503
1 4793
1 2846
1 8886
1 15324
1 9231
1 15831
1 11231
1 10173
1 14172
1 11880
1 3225
1 16387
1 7001
1 5489
1 11217
1 8935
1 1227
1 1800
1 15473
1 6002
1 14121
1 7810
1 2400
1 2434
1 14672
1 6822
1 2263
1 13027
1 9860
1 3319
1 13170
1 7358
1 11599
1 13632
1 2292
1 7584
1 7296
1 7473
1 13778
1 1561
1 5346
1 16777
1 4918
1 9809
1 1787
1 4432
1 13410
1 5734
1 6663
1 5017
1 8408
1 5819
1 8083
1 1657
1 4869
1 2370
1 5115
1 5804
1 3248
1 3176
1 9182
1 11571
1 560
1 3846
1 5105
1 882
1 15053
1 2615
1 4480
1 11106
1 15571
1 5278
1 6677
1 11900
1 7617
1 4808
1 16603
1 8748
1 13641
1 16283
1 6294
1 16280
1 5970
1 16024
1 1047
1 980
1 1399
1 6224
1 5716
1 11876
1 445
1 4831
1 7049
1 2333
1 1211
1 14761
1 12505
1 14043
1 4371
1 6609
1 1984
1 11978
1 1460
1 4068
1 16144
1 6592
1 11527
1 6553
1 10555
1 64
1 13786
1 12919
1 8918
1 10677
1 657
1 6476
1 6834
1 4941
1 7576
1 434
1 441
1 3969
1 9647
1 5807
1 656
1 4056
1 9590
1 509
1 16334
1 3582
1 3336
1 4090
1 3981
1 13351
1 5078
1 4831
1 845
1 944
1 1400
1 1493
1 4520
1 12197
1 63
1 13911
1 10540
1 12388
1 15973
1 10276
1 13564
1 7121
1 4075
1 13326
1 2221
1 1903
1 9837
1 4816
1 8705
1 13972
1 6056
1 2515
1 6658
1 4357
1 1897
1 11138
1 4099
1 13394
1 7175
1 11859
1 10225
1 6121
1 7135
1 2904
1 12400
1 5309
1 4764
1 10706
1 15223
1 7439
1 1264
1 15272
1 5184
1 12375
1 5028
1 9453
1 13838
1 1566
1 9058
1 3260
1 13631
1 3622
1 14523
1 13552
1 814
1 4201
1 5413
1 4607
1 16438
1 14042
1 426
1 755
1 5855
1 171
1 7941
1 14735
1 13800
1 8704
1 11267
1 9506
1 8331
1 1444
1 672
1 3589
1 4754
1 6527
1 3985
1 15801
1 12173
1 7816
1 1866
1 9808
1 15550
1 9103
1 6424
1 13003
1 12020
1 3489
1 13946
1 1594
1 3578
1 4795
1 7217
1 2151
1 12151
1 16262
1 2411
1 8819
1 11990
1 16763
1 8540
1 4166
1 4226
1 1937
1 4508
1 5311
1 7606
1 9173
1 4724
1 2611
1 4589
1 1048
1 2235
1 3089
1 10613
1 15422
1 8488
1 9370
1 6797
1 12303
1 4983
1 11819
1 13425
1 10993
1 12396
1 12212
1 2400
1 2889
1 6019
1 12379
1 709
1 1917
1 432
1 7904
1 672
1 16284
1 3542
1 10365
1 4002
1 5710
1 16495
1 4081
1 11860
1 2590
1 12045
1 47
1 133
1 3425
1 2635
1 1673
1 9026
1 5576
1 3411
1 3125
1 2393
1 16506
1 2132
1 13443
1 4781
1 9059
1 2218
1 4981
1 4743
1 5161
1 10216
1 5345
1 8898
1 3120
1 15889
1 15670
1 3071
1 15790
1 14888
1 6118
1 1027
1 11247
1 8175
1 1189
1 16728
1 15124
1 11129
1 994
1 1112
1 12213
1 15173
1 81
1 2936
1 8294
1 1188
1 15354
1 6383
1 9966
1 7306
1 3104
1 10962
1 6057
1 4069
1 4968
1 14608
1 1194
1 13942
1 2816
1 4103
1 1055
1 2398
1 13650
1 8864
1 1354
1 3552
1 11937
1 11571
1 1219
1 5496
1 13683
1 1347
1 15962
1 4689
1 1192
1 6136
1 3981
1 7262
1 16724
1 4040
1 14046
1 2775
1 5396
1 1182
1 7689
1 2053
1 14
1 1072
1 7722
1 1959
1 4716
1 1754
1 1203
1 6437
1 103
1 13043
1 14484
1 1650
1 6560
1 1900
1 2006
1 1673
1 8479
1 4490
1 4834
1 5926
1 15417
1 5760
1 2440
1 13929
1 11527
1 4037
1 10962
1 9969
1 12349
1 16458
1 1487
1 701
1 684
1 9597
1 374
1 1213
1 10699
1 10531
1 15042
1 8413
1 10600
1 3176
1 9103
1 15064
1 3403
1 2894
1 1914
1 13043
1 14834
1 3136
1 2893
1 11218
1 13883
1 10524
1 914
1 4772
1 4018
1 7429
1 10524
1 13773
1 10039
1 10014
1 11235
1 10890
1 6490
1 1533
1 13674
1 13587
1 5863
1 3107
1 5435
1 16162
1 3091
1 2078
1 9201
1 4499
1 12840
1 9969
1 6282
1 1617
1 7152
1 2546
1 248
1 13666
1 3828
1 13087
1 6562
1 7188
1 6605
1 755
1 3733
1 12587
1 5449
1 884
1 16131
1 8716
1 7375
1 10537
1 13741
1 1454
1 14049
1 3293
1 5794
1 13161
1 7655
1 12072
1 15061
1 3527
1 969
1 5108
1 11524
1 15012
1 172
1 11738
1 7043
1 7134
1 9858
1 6727
1 9264
1 13588
1 11640
1 8903
1 13138
1 3706
1 2355
1 3213
1 4482
1 4746
1 14
1 6799
1 15680
1 8694
1 9979
1 6033
1 11914
1 2591
1 1538
1 4269
1 2717
1 3883
1 7881
1 11358
1 2227
1 11973
1 13584
1 10188
1 3591
1 12439
1 1173
1 10370
1 16069
1 6038
1 3358
1 10973
1 12075
1 7459
1 11286
1 6669
1 5402
1 9030
1 8586
1 418
1 13781
1 5836
1 6855
1 5937
1 917
1 5298
1 2793
1 3808
1 13593
1 16231
1 13770
1 4687
1 6409
1 16039
1 7228
1 2004
1 2001
1 14970
1 5517
1 1491
1 8017
1 6711
1 14921
1 10739
1 11972
1 4268
1 9563
1 14303
1 45
1 3358
1 15766
1 4156
1 10197
1 10125
1 10084
1 1704
1 12643
1 16236
1 6895
1 2470
1 12883
1 1110
1 7883
1 12981
1 9966
1 3454
1 1854
1 4281
1 6638
1 6855
1 6432
1 8945
1 7733
1 4969
1 10539
1 771
1 11412
1 17
1 5328
1 1837
1 12242
1 11842
1 1294
1 409
1 3737
1 6460
1 15833
1 5950
1 888
1 12396
1 6999
1 2301
1 12689
1 4689
1 10987
1 10047
1 5836
1 6393
1 5453
1 1230
1 2680
1 266
1 12213
1 4160
1 9877
1 13171
1 985
1 266
1 1096
1 325
1 4851
1 13942
1 1685
1 4758
1 14031
1 1910
1 6752
1 4697
1 7346
1 14133
1 7562
1 2576
1 8183
1 5771
1 755
1 10858
1 5761
1 8898
1 10108
1 15283
1 13749
1 5220
1 3187
1 14258
1 3806
1 1642
1 12986
1 10927
1 6061
1 6359
1 271
1 1213
1 8940
1 5088
1 775
1 2377
1 14924
1 2224
1 5584
1 7642
1 2537
1 11885
1 14046
1 16084
1 11208
1 16660
1 5692
1 10907
1 4976
1 443
1 14915
1 15877
1 15856
1 10822
1 822
1 7316
1 13587
1 12300
1 6697
1 15263
1 729
1 8385
1 11360
1 1960
1 2446
1 12364
1 8068
1 12986
1 7535
1 4873
1 239
1 13743
1 2888
1 13598
1 10214
1 3904
1 4098
1 315
1 8173
1 4808
1 5528
1 2095
1 11961
1 12227
1 132
1 9750
1 13041
1 9576
1 1225
1 98
1 15980
1 8849
1 14415
1 2588
1 9966
1 1207
1 9567
1 4615
1 16976
1 3598
1 4610
1 10460
1 3981
1 10793
1 5758
1 1767
1 5339
1 3777
1 3176
1 13663
1 9547
1 2294
1 267
1 10079
1 8288
1 149
1 8878
1 12112
1 5977
1 3762
1 5803
1 1115
1 4497
1 15654
1 8892
1 13538
1 16868
1 4705
1 7133
1 9472
1 2772
1 9761
1 10176
1 9472
1 5853
1 3797
1 10202
1 5411
1 5384
1 1798
1 9671
1 15048
1 120
1 12614
1 922
1 2756
1 7310
1 12072
1 4381
1 12704
1 10605
1 15130
1 5167
1 10270
1 9643
1 1690
1 5564
1 6537
1 9900
1 4648
1 5638
1 801
1 3133
1 10597
1 3502
1 304
1 5633
1 13550
1 2748
1 5828
1 3301
1 13716
1 14123
1 10099
1 11796
1 2730
1 11985
1 2403
1 135
1 6126
1 2485
1 444
1 9259
1 13665
1 10527
1 7203
1 2021
1 12597
1 7447
1 9551
1 5932
1 13257
1 10225
1 14203
1 15801
1 10430
1 983
1 4918
1 4972
1 8893
1 16085
1 485
1 14
1 7881
1 2488
1 1286
1 14988
1 3010
1 788
1 1015
1 1554
1 2691
1 3854
1 15904
1 792
1 12849
1 6359
1 9388
1 14380
1 3796
1 3847
1 5570
1 5039
1 10875
1 13258
1 8310
1 2582
1 5175
1 3189
1 1601
1 4862
1 9920
1 312
1 8897
1 3960
1 10605
1 2235
1 1660
1 504
1 3066
1 7559
1 1752
1 10259
1 4669
1 9902
1 8501
1 3660
1 5936
1 5805
1 5191
1 13047
1 888
1 2433
1 12521
1 13657
1 6438
1 483
1 15986
1 13774
1 12214
1 7527
1 9802
1 1084
1 13255
1 628
1 176
1 12015
1 4468
1 10981
1 12702
1 2139
1 13264
1 15462
1 1629
1 5282
1 3053
1 14056
1 6532
1 1730
1 7982
1 2866
1 6290
1 7720
1 9358
1 1035
1 3051
1 2267
1 16711
1 520
1 11223
1 15018
1 6033
1 16666
1 12621
1 1198
1 10681
1 9701
1 4477
1 11839
1 3617
1 1773
1 3591
1 8794
1 291
1 16065
1 16058
1 14808
1 378
1 13687
1 12958
1 7879
1 2443
1 761
1 2256
1 2167
1 13067
1 2376
1 3569
1 13058
1 27
1 16122
1 15975
1 9005
1 11808
1 16452
1 7676
1 9808
1 12515
1 6736
1 3324
1 8518
1 7360
1 3265
1 3375
1 9848
1 8433
1 2899
1 7740
1 16286
1 13686
1 7300
1 839
1 13601
1 12119
1 8685
1 4228
1 3293
1 14483
1 11166
1 13070
1 13889
1 10502
1 7849
1 1631
1 6432
1 2177
1 16105
1 8142
1 5211
1 3896
1 2735
1 3231
1 14561
1 6832
1 14098
1 13770
1 11657
1 2890
1 11841
1 6060
1 2541
1 2289
1 12872
1 400
1 16336
1 6563
1 5718
1 1025
1 11298
1 7599
1 12437
1 5011
1 15178
1 13753
1 8409
1 4713
1 2947
1 14414
1 521
1 3094
1 1
1 13977
1 9785
1 7206
1 16105
1 13369
1 16137
1 1875
1 15326
1 1214
1 3974
1 4584
1 10260
1 10758
1 16462
1 5993
1 6848
1 268
1 14940
1 11570
1 14052
1 5202
1 50
1 5616
1 9121
1 6862
1 7849
1 9816
1 7415
1 15058
1 4281
1 10830
1 3691
1 12364
1 11654
1 3714
1 15909
1 3544
1 5292
1 15759
1 5026
1 65
1 644
1 1298
1 2124
1 13525
1 1384
1 9124
1 3493
1 12069
1 16869
1 7327
1 14410
1 15801
1 335
1 7468
1 13330
1 1882
1 5146
1 11370
1 10735
1 331
1 1559
1 7035
1 642
1 5807
1 16484
1 12130
1 2426
1 8876
1 8827
1 1304
1 4202
1 928
1 8128
1 10543
1 11899
1 15049
1 7717
1 15320
1 8563
1 10921
1 799
1 290
1 4235
1 7543
1 2036
1 7994
1 521
1 12367
1 400
1 4701
1 7210
1 8158
1 10787
1 9966
1 7541
1 13086
1 1121
1 2226
1 7135
1 3444
1 1149
1 11567
1 246
1 2499
1 4499
1 12638
1 5815
1 13290
1 1175
1 5435
1 4489
1 7289
1 666
1 6349
1 7286
1 570
1 6010
1 4440
1 11637
1 10557
1 13199
1 16666
1 8526
1 10550
1 2274
1 9498
1 8130
1 914
1 16887
1 10789
1 7860
1 6257
1 16912
1 8334
1 2477
1 9671
1 13775
1 801
1 10390
1 6869
1 9822
1 4091
1 12777
1 9365
1 1095
1 655
1 1928
1 6819
1 7983
1 1761
1 7672
1 9685
1 2143
1 8134
1 2308
1 13123
1 15305
1 10699
1 2225
1 5836
1 6544
1 5667
1 9966
1 3938
1 6751
1 486
1 5145
1 11370
1 7493
1 4016
1 488
1 6609
1 10707
1 8895
1 418
1 12416
1 11989
1 22
1 7410
1 944
1 11871
1 5873
1 14842
1 5067
1 7998
1 15860
1 3879
1 2992
1 1665
1 7110
1 3264
1 6714
1 3601
1 14553
1 8388
1 1730
1 7394
1 11522
1 6020
1 12630
1 11205
1 8864
1 2621
1 5520
1 9774
1 3612
1 3631
1 10518
1 9184
1 4857
1 10632
1 10699
1 400
1 5134
1 9292
1 5423
1 10466
1 5534
1 7204
1 5574
1 6617
1 7811
1 12371
1 644
1 3616
1 2596
1 176
1 8099
1 10910
1 1767
1 10128
1 9516
1 12401
1 10194
1 12950
1 1862
1 13289
1 15428
1 10555
1 5146
1 5959
1 5231
1 15356
1 10038
1 268
1 15893
1 12657
1 1766
1 16706
1 2789
1 14087
1 12051
1 8691
1 1026
1 6159
1 7876
1 5638
1 3381
1 2402
1 13244
1 6028
1 3483
1 1780
1 5720
1 67
1 3319
1 14839
1 3839
1 13410
1 1898
1 14672
1 11098
1 15878
1 7545
1 2794
1 4954
1 4732
1 14425
1 16919
1 1115
1 15890
1 12364
1 8174
1 4786
1 170
1 8344
1 7962
1 14429
1 11300
1 11309
1 8021
1 12005
1 11029
1 12995
1 8428
1 15316
1 5391
1 7141
1 12743
1 16462
1 11569
1 4337
1 10134
1 1538
1 2629
1 2930
1 13678
1 10804
1 5081
1 16025
1 7790
1 8885
1 4192
1 10135
1 5818
1 5137
1 9985
1 2894
1 2765
1 12110
1 799
1 11762
1 14437
1 2001
1 16456
1 1002
1 10523
1 2053
1 15968
1 10843
1 11780
1 5840
1 7606
1 2731
1 13407
1 14747
1 8530
1 3381
1 7314
1 6805
1 10539
1 8172
1 6218
1 12093
1 16700
1 2390
1 13078
1 8799
1 3051
1 16325
1 16882
1 5456
1 6399
1 1777
1 7445
1 10907
1 12447
1 607
1 8739
1 8082
1 7545
1 6868
1 16947
1 9058
1 7080
1 1334
1 13723
1 5873
1 13051
1 4765
1 3529
1 2345
1 13697
1 9835
1 1005
1 876
1 8964
1 16830
1 13495
1 12571
1 7139
1 3585
1 9767
1 486
1 5068
1 6623
1 7160
1 2207
1 11858
1 4059
1 6121
1 6188
1 16430
1 13839
1 2179
1 3502
1 5532
1 9359
1 11783
1 8911
1 6141
1 12359
1 7988
1 477
1 3569
1 13518
1 11682
1 13717
1 15181
1 16517
1 16840
1 1523
1 6574
1 5129
1 2233
1 11897
1 10614
1 5093
1 6442
1 11185
1 2365
1 14782
1 10570
1 12065
1 2776
1 1884
1 13527
1 2388
1 4441
1 304
1 9736
1 11799
1 383
1 11609
1 8936
1 4813
1 10626
1 15388
1 10319
1 6021
1 4291
1 9925
1 2715
1 10511
1 483
1 1876
1 14835
1 8666
1 12865
1 1955
1 699
1 3236
1 1038
1 11350
1 10829
1 5628
1 1370
1 14642
1 2167
1 13765
1 3970
1 6352
1 13888
1 10905
1 10041
1 7651
1 15127
1 767
1 13576
1 3218
1 480
1 15702
1 10909
1 3503
1 760
1 148
1 5455
1 4315
1 11579
1 2720
1 1104
1 4453
1 6850
1 3789
1 9474
1 1008
1 14148
1 380
1 1617
1 3322
1 13630
1 15815
1 2087
1 1846
1 9794
1 15363
1 11221
1 521
1 10949
1 11741
1 16195
1 1807
1 9086
1 13757
1 15638
1 655
1 10759
1 3685
1 2505
1 4548
1 233
1 11138
1 5696
1 9392
1 5171
1 13534
1 9317
1 5578
1 16706
1 8149
1 10633
1 16493
1 8872
1 13952
1 1322
1 1569
1 4280
1 7559
1 3952
1 13781
1 1566
1 11741
1 12614
1 6521
1 5697
1 3439
1 2102
1 5033
1 8202
1 363
1 3833
1 7662
1 16244
1 11538
1 13626
1 5977
1 4659
1 11166
1 4380
1 1943
1 14544
1 15818
1 12286
1 6375
1 6226
1 14877
1 4734
1 4964
1 11549
1 1517
1 14838
1 5002
1 3586
1 5802
1 7144
1 4579
1 10978
1 1012
1 5752
1 11486
1 1259
1 9362
1 16155
1 2837
1 16564
1 1928
1 12627
1 1976
1 11517
1 136
1 2844
1 12998
1 4713
1 14946
1 4047
1 11216
1 9932
1 6310
1 8202
1 16763
1 10352
1 5267
1 13294
1 7185
1 14314
1 13154
1 4536
1 12089
1 14045
1 4601
1 13654
1 16550
1 3298
1 2653
1 8953
1 7051
1 1885
1 7827
1 3981
1 8172
1 7207
1 338
1 2378
1 7386
1 6868
1 7532
1 5561
1 10663
1 3642
1 14963
1 1937
1 8721
1 1524
1 14209
1 3319
1 5154
1 310
1 14657
1 14001
1 9701
1 8501
1 8226
1 4742
1 2913
1 8403
1 11538
1 6179
1 9360
1 11933
1 6290
1 5479
1 11670
1 9290
1 615
1 5920
1 3764
1 1113
1 477
1 5922
1 3076
1 5764
1 3370
1 3012
1 1918
1 1793
1 12302
1 380
1 8410
1 8114
1 6495
1 13767
1 13232
1 1262
1 5802
1 6792
1 13609
1 4050
1 15948
1 11753
1 3740
1 5379
1 2339
1 7291
1 3474
1 15192
1 12885
1 13248
1 1395
1 1020
1 3838
1 12767
1 5298
1 13803
1 10269
1 13952
1 2416
1 9957
1 1209
1 4908
1 14609
1 9943
1 615
1 6842
1 888
1 9755
1 9794
1 8372
1 7969
1 13432
1 5816
1 15085
1 11202
1 14503
1 6202
1 3722
1 14022
1 7543
1 5814
1 15216
1 16268
1 9464
1 14644
1 2434
1 29
1 7108
1 6512
1 1062
1 3033
1 5424
1 8012
1 2159
1 4755
1 847
1 12329
1 7957
1 13272
1 4164
1 3272
1 2101
1 1455
1 11655
1 8222
1 16045
1 4428
1 2235
1 11438
1 10495
1 3276
1 2806
1 9773
1 11778
1 14303
1 2003
1 16299
1 6309
1 14072
1 3896
1 10395
1 13902
1 7207
1 16583
1 7369
1 10102
1 3066
1 641
1 15843
1 8527
1 7038
1 13780
1 16194
1 11621
1 2350
1 9177
1 8709
1 1779
1 2394
1 1213
1 13899
1 5632
1 2014
1 2323
1 15213
1 10378
1 9210
1 2240
1 103
1 3688
1 7442
1 3662
1 6970
1 671
1 10966
1 10798
1 11049
1 2375
1 5227
1 247
1 9798
1 9966
1 15760
1 3965
1 8359
1 4581
1 6495
1 8410
1 10698
1 512
1 6273
1 2094
1 14988
1 12463
1 12986
1 14177
1 11858
1 9609
1 1972
1 15725
1 530
1 1539
1 1468
1 9790
1 3660
1 9031
1 11022
1 16161
1 16889
1 1705
1 9641
1 14413
1 41
1 16071
1 9057
1 1040
1 8310
1 15693
1 3687
1 12368
1 4597
1 1754
1 5098
1 3639
1 3698
1 8036
1 15129
1 6370
1 7207
1 8255
1 10700
1 3757
1 5752
1 10491
1 3414
1 9960
1 596
1 3299
1 3146
1 3839
1 8440
1 8517
1 6646
1 15768
1 8655
1 14221
1 1395
1 10699
1 13007
1 2345
1 2397
1 2143
1 490
1 666
1 4449
1 4904
1 3282
1 15979
1 6087
1 14045
1 10588
1 1852
1 8716
1 16768
1 11501
1 7760
1 1191
1 1629
1 9148
1 11173
1 615
1 8664
1 10101
1 4795
1 8459
1 8525
1 6243
1 12639
1 4220
1 3323
1 6
1 1213
1 15645
1 10852
1 3244
1 4076
1 11568
1 655
1 15768
1 7041
1 15821
1 1117
1 9984
1 1897
1 7790
1 2549
1 5754
1 2263
1 14057
1 553
1 15308
1 7302
1 4913
1 4525
1 1209
1 12686
1 5613
1 1631
1 1700
1 2779
1 5627
1 1964
1 9749
1 13786
1 11214
1 8608
1 12625
1 15245
1 8707
1 4516
1 3970
1 16781
1 8774
1 14363
1 746
1 9327
1 1841
1 2172
1 3276
1 15899
1 11641
1 15638
1 3409
1 10807
1 2261
1 572
1 921
1 3639
1 323
1 418
1 13013
1 2928
1 16410
1 461
1 14858
1 15122
1 546
1 6887
1 10776
1 3590
1 2335
1 1261
1 483
1 15497
1 1192
1 1993
1 11980
1 1136
1 3580
1 14607
1 9271
1 1460
1 15878
1 7157
1 15290
1 2770
1 8251
1 4689
1 504
1 247
1 13219
1 13510
1 450
1 414
1 972
1 10271
1 5181
1 4497
1 2070
1 3914
1 6656
1 14109
1 2035
1 12132
1 13473
1 15821
1 1803
1 16804
1 10065
1 13671
1 15354
1 2918
1 10595
1 12904
1 13255
1 16318
1 14268
1 9290
1 1937
1 6199
1 2923
1 7149
1 9824
1 3150
1 395
1 6121
1 4812
1 9204
1 11805
1 2536
1 6236
1 3514
1 14861
1 2832
1 9796
1 2472
1 3247
1 13773
1 9174
1 3153
1 280
1 546
1 15197
1 4374
1 8847
1 1230
1 10781
1 15294
1 16538
1 11711
1 2462
1 14170
1 6735
1 205
1 2386
1 16594
1 5405
1 8114
1 16869
1 6280
1 16221
1 11095
1 12825
1 589
1 10841
1 4527
1 15342
1 7486
1 3020
1 16667
1 9140
1 7202
1 9342
1 1766
1 13827
1 1920
1 1595
1 16669
1 2225
1 4349
1 4353
1 14383
1 185
1 3779
1 1134
1 1015
1 1147
1 15272
1 7518
1 2854
1 1059
1 3775
1 6297
1 4574
1 13877
1 755
1 10907
1 11926
1 11153
1 8262
1 4244
1 6316
1 6172
1 8337
1 15593
1 2107
1 3468
1 9706
1 11021
1 1038
1 10241
1 3481
1 737
1 7474
1 5486
1 12133
1 13992
1 4061
1 2878
1 1192
1 5152
1 7748
1 477
1 9902
1 2727
1 5680
1 5941
1 3240
1 8428
1 15429
1 13786
1 4651
1 1012
1 226
1 10444
1 10001
1 4248
1 6418
1 6473
1 12116
1 8112
1 4805
1 7808
1 13596
1 544
1 4155
1 1992
1 8282
1 1828
1 13671
1 11983
1 15492
1 861
1 9953
1 2691
1 8080
1 12276
1 1444
1 1475
1 9810
1 1069
1 791
1 9050
1 13887
1 16335
1 885
1 15983
1 13828
1 7424
1 16947
1 13939
1 15815
1 4040
1 6268
1 335
1 2355
1 16965
1 13705
1 3120
1 1444
1 6390
1 1861
1 28
1 1187
1 6541
1 252
1 8635
1 16421
1 13218
1 1056
1 2684
1 12223
1 6258
1 6345
1 2155
1 13648
1 8218
1 1372
1 8629
1 1160
1 4501
1 7900
1 13840
1 2731
1 11293
1 7039
1 6437
1 680
1 11115
1 15499
1 14844
1 4493
1 8250
1 4282
1 2880
1 1899
1 3150
1 135
1 5094
1 7223
1 11942
1 13242
1 189
1 13499
1 13584
1 12881
1 3189
1 2368
1 12464
1 5013
1 11341
1 10321
1 14006
1 5439
1 5598
1 1055
1 7268
1 1162
1 4205
1 311
1 5034
1 8128
1 14076
1 8173
1 10043
1 1922
1 4772
1 4094
1 5712
1 14458
1 8885
1 1221
1 16943
1 380
1 195
1 2944
1 8162
1 6352
1 16045
1 7163
1 570
1 10829
1 10438
1 10321
1 8928
1 3782
1 2472
1 7230
1 2344
1 1178
1 3723
1 13033
1 3317
1 16874
1 5570
1 16520
1 2307
1 2315
1 330
1 2100
1 13561
1 16491
1 13953
1 12283
1 13217
1 5354
1 7599
1 4620
1 8037
1 14585
1 6766
1 3064
1 16274
1 15119
1 1213
1 7049
1 230
1 12002
1 13890
1 7390
1 6570
1 11660
1 14387
1 8722
1 1302
1 13292
1 8968
1 4729
1 16915
1 10594
1 2772
1 12063
1 4962
1 2354
1 12172
1 2042
1 13098
1 3213
1 8799
1 5235
1 9517
1 5973
1 15505
1 14916
1 851
1 8150
1 12498
1 5872
1 2558
1 2266
1 15
1 12858
1 11132
1 14422
1 13778
1 14047
1 10285
1 1130
1 14607
1 2983
1 9979
1 8310
1 1792
1 12111
1 1957
1 2269
1 11890
1 13521
1 208
1 1350
1 8176
1 14936
1 3468
1 12927
1 11741
1 2944
1 2053
1 10433
1 11156
1 13952
1 11
1 6930
1 6116
1 5955
1 1117
1 11538
1 13802
1 9250
1 525
1 2140
1 6286
1 1398
1 3610
1 9850
1 2038
1 5467
1 4780
1 5619
1 2379
1 11567
1 12641
1 5382
1 5280
1 4836
1 5171
1 8994
1 665
1 5832
1 4946
1 8144
1 1485
1 13557
1 7341
1 7764
1 6411
1 14310
1 11905
1 745
1 16463
1 4409
1 2689
1 7157
1 1662
1 15567
1 6765
1 4796
1 4050
1 8991
1 6653
1 13729
1 134
1 4533
1 9358
1 6758
1 14298
1 12132
1 12607
1 5267
1 2358
1 11343
1 2906
1 10581
1 15732
1 3031
1 5379
1 125
1 1745
1 12377
1 5997
1 1764
1 11138
1 14703
1 12768
1 1675
1 8520
1 125
1 6521
1 14607
1 4191
1 5687
1 4648
1 8037
1 1760
1 12714
1 1778
1 5815
1 6254
1 5283
1 8570
1 3175
1 13446
1 9631
1 9117
1 7602
1 16909
1 316
1 15784
1 849
1 4092
1 8511
1 16831
1 14645
1 14102
1 8774
1 8134
1 22
1 16007
1 5638
1 27
1 6224
1 13295
1 7169
1 13251
1 5120
1 5525
1 8094
1 9950
1 6256
1 8077
1 5563
1 62
1 7181
1 4081
1 6352
1 2330
1 3563
1 14450
1 12159
1 13322
1 13422
1 1898
1 15831
1 4661
1 8148
1 277
1 9041
1 16695
1 10216
1 14108
1 1935
1 5145
1 13602
1 13173
1 16969
1 2715
1 1495
1 10088
1 12064
1 4929
1 10605
1 4180
1 8451
1 1672
1 15520
1 10897
1 16956
1 8723
1 6991
1 9349
1 52
1 926
1 3536
1 5533
1 11689
1 14566
1 5843
1 11186
1 1117
1 13447
1 6611
1 8655
1 11070
1 13515
1 3541
1 3125
1 4214
1 14823
1 4442
1 6881
1 12495
1 1752
1 13422
1 281
1 826
1 3971
1 9073
1 10983
1 9331
1 15086
1 1962
1 10849
1 15217
1 12605
1 6110
1 7923
1 16939
1 12203
1 571
1 9954
1 31
1 7094
1 10633
1 1398
1 3928
1 8877
1 7672
1 10378
1 4171
1 9520
1 3632
1 12582
1 15351
1 3492
1 10157
1 2177
1 1967
1 10859
1 13676
1 6304
1 1880
1 7185
1 15741
1 7509
1 5259
1 9096
1 1344
1 11881
1 2375
1 10905
1 13665
1 3582
1 10193
1 13166
1 15107
1 15623
1 16514
1 1219
1 8097
1 2682
1 13535
1 1190
1 1797
1 14902
1 9777
1 2954
1 10498
1 14855
1 2980
1 12100
1 7751
1 2498
1 5587
1 11119
1 7677
1 6613
1 12182
1 5493
1 6237
1 14177
1 3812
1 15184
1 1192
1 4810
1 679
1 11643
1 1452
1 6094
1 16154
1 1861
1 3830
1 2594
1 12379
1 6538
1 504
1 9000
1 4098
1 2651
1 3902
1 1209
1 15189
1 10180
1 7763
1 69
1 3626
1 15338
1 7713
1 11759
1 1928
1 8918
1 9595
1 1670
1 7496
1 870
1 6813
1 1199
1 7417
1 1085
1 8781
1 11243
1 4113
1 5273
1 13172
1 16694
1 2368
1 641
1 1136
1 13153
1 7651
1 1428
1 11572
1 1491
1 15856
1 10125
1 3049
1 7659
1 13535
1 11151
1 13262
1 9863
1 1908
1 10852
1 2153
1 6927
1 3805
1 845
1 15814
1 14045
1 28
1 15738
1 2520
1 5198
1 16612
1 2985
1 13682
1 4195
1 5623
1 4743
1 3981
1 6730
1 10001
1 586
1 13614
1 9472
1 1503
1 3607
1 12085
1 13180
1 11314
1 11307
1 4511
1 15962
1 14530
1 16299
1 3591
1 16958
1 9358
1 13710
1 5615
1 9220
1 11779
1 1221
1 7653
1 4748
1 10187
1 7986
1 3749
1 9442
1 9967
1 1987
1 15902
1 44
1 1137
1 666
1 6469
1 4755
1 7810
1 716
1 13116
1 6907
1 8415
1 9991
1 1026
1 14964
1 2222
1 10400
1 7607
1 3636
1 13910
1 15526
1 2047
1 15113
1 10753
1 4729
1 9026
1 6217
1 16560
1 9595
1 6483
1 2780
1 11586
1 7622
1 6862
1 4291
1 10098
1 2500
1 4783
1 8240
1 3502
1 3086
1 16451
1 1900
1 5511
1 6721
1 9281
1 16503
1 1795
1 3273
1 6182
1 6603
1 3268
1 4473
1 3740
1 4632
1 701
1 982
1 920
1 3414
1 1130
1 988
1 13757
1 11042
1 10056
1 13707
1 8565
1 6894
1 5478
1 4828
1 6126
1 14733
1 13217
1 2974
1 2251
1 13088
1 10520
1 1673
1 16450
1 3665
1 450
1 8985
1 16613
1 9597
1 524
1 4796
1 520
1 6862
1 2216
1 9628
1 12115
1 4659
1 3851
1 2226
1 11822
1 2038
1 14122
1 14576
1 8558
1 8860
1 13108
1 11307
1 10898
1 5232
1 688
1 9903
1 4300
1 2920
1 3175
1 1923
1 9502
1 13667
1 15398
1 760
1 4971
1 2292
1 16821
1 1062
1 12343
1 4600
1 1181
1 1902
1 615
1 3294
1 2865
1 15253
1 15256
1 14099
1 8710
1 3716
1 8496
1 5011
1 8956
1 6997
1 8024
1 1931
1 1878
1 1189
1 15609
1 9664
1 7789
1 843
1 1113
1 348
1 10607
1 13272
1 6510
1 4750
1 1444
1 4968
1 727
1 6464
1 5552
1 785
1 10665
1 971
1 10417
1 4757
1 13591
1 725
1 13605
1 5274
1 14497
1 9978
1 8531
1 10945
1 1980
1 15848
1 9296
1 5800
1 5635
1 3513
1 11661
1 15840
1 226
1 10544
1 10791
1 281
1 14649
1 2609
1 987
1 14362
1 16467
1 5503
1 14904
1 13747
1 5301
1 3291
1 7994
1 7022
1 12687
1 15209
1 1181
1 6472
1 213
1 5113
1 4117
1 13523
1 10202
1 12614
1 11748
1 3221
1 11993
1 862
1 4400
1 5038
1 8076
1 11700
1 2152
1 7780
1 7010
1 2643
1 767
1 3187
1 8327
1 13402
1 10592
1 9662
1 3708
1 6541
1 2029
1 2098
1 11344
1 1988
1 15439
1 1407
1 6757
1 10598
1 10410
1 16331
1 12503
1 4253
1 7642
1 5090
1 6181
1 11727
1 15309
1 9103
1 5267
1 5683
1 2727
1 1152
1 4493
1 11391
1 2442
1 3372
1 4358
1 2997
1 8776
1 6219
1 13321
1 13820
1 16672
1 12365
1 8842
1 7554
1 3871
1 4815
1 13383
1 5258
1 5034
1 135
1 13632
1 11756
1 15053
1 9868
1 13639
1 6241
1 7006
1 4029
1 6188
1 9405
1 4069
1 14016
1 14046
1 10201
1 10428
1 13016
1 12088
1 1009
1 16405
1 13631
1 14942
1 2489
1 11359
1 14109
1 7699
1 5041
1 3507
1 4747
1 1338
1 13321
1 1727
1 7791
1 14859
1 8956
1 1071
1 5371
1 3632
1 5346
1 1390
1 2222
1 5711
1 16878
1 1161
1 5267
1 2735
1 5694
1 2361
1 886
1 13440
1 2801
1 1116
1 9170
1 10081
1 15664
1 4329
1 15098
1 15992
1 378
1 13351
1 9167
1 13863
1 10536
1 8437
1 16576
1 5312
1 12785
1 6075
1 6188
1 6105
1 2916
1 1881
1 1307
1 13384
1 3211
1 536
1 1977
1 15784
1 12842
1 16364
1 3450
1 16590
1 6750
1 10093
1 8427
1 12045
1 12236
1 10655
1 2592
1 977
1 2900
1 3546
1 13075
1 8290
1 9228
1 2233
1 12464
1 14999
1 3830
1 3465
1 43
1 14279
1 11862
1 10677
1 8063
1 2464
1 13088
1 6204
1 10005
1 4620
1 2634
1 5305
1 3311
1 3402
1 11691
1 4601
1 3317
1 6106
1 4785
1 9525
1 5327
1 1813
1 10909
1 1210
1 4651
1 1705
1 15843
1 15123
1 185
1 344
1 1766
1 1152
1 3458
1 845
1 14029
1 4328
1 7453
1 1888
1 16272
1 4444
1 5598
1 2298
1 3255
1 13324
1 4069
1 3879
1 16597
1 4937
1 4440
1 15204
1 16434
1 8819
1 3651
1 15787
1 1101
1 1082
1 16054
1 15323
1 13925
1 12689
1 10065
1 7225
1 8507
1 8415
1 2269
1 9
1 13539
1 1404
1 9544
1 13673
1 4958
1 11739
1 666
1 6869
1 9667
1 2710
1 11743
1 8987
1 8818
1 954
1 1700
1 4743
1 2210
1 11865
1 9616
1 11786
1 1012
1 4725
1 4613
1 7172
1 1236
1 251
1 14655
1 171
1 616
1 3903
1 3031
1 1880
1 16603
1 9769
1 13635
1 8504
1 15947
1 15614
1 3720
1 8229
1 3545
1 13363
1 13690
1 7545
1 2053
1 8209
1 1266
1 6791
1 12830
1 8339
1 6027
1 1228
1 7184
1 16015
1 570
1 15528
1 4257
1 12456
1 555
1 6294
1 16706
1 4844
1 1200
1 4717
1 7703
1 4592
1 867
1 13639
1 12651
1 6870
1 13492
1 10960
1 7848
1 13472
1 4479
1 8407
1 8534
1 5855
1 670
1 1759
1 6882
1 12244
1 15043
1 27
1 1974
1 1194
1 6731
1 10962
1 15075
1 13958
1 1920
1 4275
1 5011
1 4636
1 4248
1 2872
1 578
1 8692
1 5256
1 15866
1 1203
1 9177
1 13693
1 15035
1 15363
1 3092
1 6476
1 3278
1 9792
1 4712
1 11651
1 13563
1 12463
1 10373
1 10150
1 3655
1 6848
1 5094
1 14992
1 13582
1 10759
1 4620
1 514
1 3589
1 15983
1 15229
1 2458
1 593
1 10486
1 5422
1 8876
1 7001
1 13593
1 983
1 9472
1 9600
1 11939
1 9009
1 824
1 1126
1 7632
1 2788
1 8499
1 8878
1 2026
1 2808
1 4040
1 15496
1 1113
1 897
1 11914
1 9624
1 13105
1 8721
1 6231
1 6333
1 1420
1 10640
1 8393
1 9103
1 1073
1 2798
1 4950
1 16487
1 954
1 6907
1 5781
1 10527
1 15218
1 3631
1 10974
1 3598
1 6112
1 547
1 5467
1 16883
1 12042
1 1183
1 1984
1 7763
1 5966
1 7810
1 12079
1 2072
1 3507
1 14385
1 2236
1 9550
1 2677
1 247
1 7541
1 1550
1 6651
1 8777
1 1142
1 6927
1 2090
1 14607
1 9914
1 13614
1 13740
1 1861
1 6081
1 833
1 11931
1 1081
1 6969
1 1380
1 2477
1 2374
1 922
1 4304
1 8045
1 2932
1 11326
1 2826
1 9164
1 8985
1 226
1 7055
1 1584
1 4156
1 10316
1 7907
1 1796
1 1629
1 9529
1 9000
1 1426
1 7547
1 1905
1 11117
1 7070
1 2473
1 7427
1 1747
1 3616
1 10765
1 11306
1 7514
1 814
1 5627
1 12850
1 427
1 14547
1 5979
1 10945
1 13222
1 4258
1 3175
1 413
1 12705
1 16781
1 949
1 14835
1 7962
1 1985
1 13356
1 971
1 7545
1 5809
1 16421
1 14500
1 4810
1 10617
1 8760
1 12207
1 4392
1 5551
1 12765
1 8161
1 14220
1 5030
1 172
1 5182
1 15277
1 6480
1 485
1 10043
1 1044
1 13753
1 74
1 9490
1 14140
1 9069
1 13719
1 11203
1 11604
1 5154
1 14574
1 5728
1 220
1 2044
1 4518
1 3580
1 16859
1 5499
1 3179
1 11211
1 10808
1 3637
1 14488
1 12673
1 469
1 6970
1 16507
1 1929
1 15732
1 13247
1 3764
1 2190
1 151
1 716
1 3738
1 2479
1 1087
1 422
1 13388
1 1365
1 704
1 2688
1 14136
1 15924
1 8984
1 13428
1 1082
1 39
1 10977
1 6940
1 13746
1 16485
1 6926
1 6237
1 7136
1 3096
1 11746
1 9775
1 12848
1 5926
1 3313
1 10765
1 2300
1 10352
1 13703
1 1665
1 6970
1 2985
1 5028
1 2531
1 1712
1 15846
1 4869
1 2055
1 3221
1 9174
1 2424
1 8606
1 1925
1 5249
1 2720
1 9919
1 767
1 14349
1 8071
1 3739
1 14204
1 491
1 4256
1 948
1 3981
1 12463
1 2078
1 6471
1 9735
1 6485
1 9527
1 7085
1 16429
1 13863
1 9494
1 942
1 10582
1 11098
1 4238
1 5812
1 3995
1 803
1 4349
1 4069
1 15166
1 4945
1 807
1 4345
1 4112
1 1491
1 638
1 6130
1 11713
1 4199
1 12997
1 6332
1 12379
1 7371
1 13611
1 1913
1 15783
1 4212
1 7858
1 6728
1 6333
1 14938
1 11088
1 2977
1 7636
1 3984
1 2515
1 8232
1 4753
1 4976
1 10055
1 10195
1 5270
1 13754
1 9824
1 5792
1 2832
1 5133
1 2715
1 344
1 13754
1 2771
1 4480
1 16117
1 5331
1 13551
1 7650
1 7737
1 128
1 3405
1 3906
1 3337
1 8765
1 13279
1 14808
1 158
1 12272
1 4281
1 5879
1 15100
1 8608
1 6361
1 374
1 399
1 10121
1 5637
1 6493
1 7426
1 12228
1 3569
1 16923
1 11300
1 10944
1 5926
1 14328
1 3885
1 22
1 7703
1 1776
1 15134
1 10166
1 8960
1 15810
1 10769
1 4795
1 7993
1 10018
1 3841
1 6355
1 2789
1 3584
1 6790
1 78
1 2530
1 1349
1 1073
1 2563
1 2985
1 3932
1 3764
1 1598
1 492
1 12659
1 13652
1 4607
1 4436
1 4228
1 4136
1 716
1 2271
1 8196
1 1035
1 6197
1 12396
1 14854
1 9220
1 13163
1 11018
1 16011
1 12573
1 2149
1 8586
1 5899
1 6971
1 4498
1 6797
1 5866
1 15686
1 830
1 7450
1 6187
1 16723
1 5943
1 4663
1 11487
1 7123
1 10944
1 5188
1 9358
1 7448
1 11253
1 2787
1 9115
1 2962
1 12205
1 1283
1 14456
1 15840
1 6024
1 16520
1 8762
1 2750
1 8705
1 2758
1 5066
1 12235
1 7112
1 3220
1 3426
1 6811
1 3959
1 9702
1 1027
1 1927
1 3385
1 3115
1 6768
1 10941
1 12213
1 13786
1 5072
1 1950
1 3204
1 1058
1 2559
1 11066
1 10673
1 4105
1 4731
1 17
1 11856
1 12390
1 8763
1 12390
1 1136
1 3495
1 12297
1 7338
1 2227
1 13077
1 2221
1 14290
1 9696
1 15669
1 13320
1 3216
1 2344
1 12868
1 7111
1 3322
1 507
1 12994
1 15179
1 2030
1 3916
1 3632
1 9446
1 628
1 17
1 2346
1 243
1 772
1 4976
1 9155
1 703
1 3109
1 1138
1 11967
1 655
1 1039
1 9861
1 907
1 15095
1 9145
1 14515
1 10835
1 11236
1 1859
1 6332
1 6368
1 5768
1 9442
1 2284
1 14709
1 14254
1 15070
1 12460
1 8738
1 16638
1 2506
1 3175
1 2879
1 8489
1 873
1 2716
1 8437
1 6604
1 11962
1 12056
1 9855
1 11899
1 9392
1 9004
1 1409
1 7388
1 2587
1 3936
1 210
1 11559
1 3524
1 12191
1 2538
1 5415
1 3638
1 3027
1 7661
1 6347
1 2346
1 6562
1 16323
1 4998
1 1694
1 2261
1 4798
1 7252
1 286
1 595
1 2048
1 16259
1 3124
1 15277
1 11917
1 7163
1 5804
1 1791
1 5662
1 10489
1 5979
1 10450
1 16184
1 2350
1 11501
1 16308
1 12438
1 13713
1 2112
1 3291
1 4223
1 5773
1 12296
1 7646
1 10985
1 8131
1 13406
1 4881
1 8149
1 1086
1 11255
1 5808
1 4852
1 12080
1 2909
1 7665
1 11944
1 12132
1 10944
1 446
1 9790
1 15367
1 11664
1 5821
1 3820
1 15382
1 5212
1 6212
1 5453
1 12720
1 6099
1 3651
1 7042
1 12993
1 9683
1 12213
1 15065
1 5237
1 16045
1 4621
1 9463
1 9155
1 16260
1 9174
1 10363
1 3435
1 6068
1 1819
1 7517
1 9659
1 10036
1 679
1 4580
1 13732
1 10541
1 677
1 891
1 1834
1 1774
1 13699
1 9821
1 3178
1 1791
1 8909
1 13220
1 10349
1 10875
1 15179
1 4150
1 11625
1 14041
1 15815
1 9784
1 9629
1 16350
1 6931
1 5927
1 13649
1 3981
1 462
1 9815
1 3130
1 10877
1 7120
1 3221
1 7814
1 891
1 16284
1 7521
1 5216
1 13481
1 1370
1 7011
1 534
1 483
1 2803
1 5274
1 6921
1 13650
1 13993
1 654
1 172
1 7946
1 5944
1 1348
1 6100
1 16805
1 6188
1 8268
1 14358
1 1969
1 3003
1 2263
1 7180
1 3179
1 6084
1 14769
1 16035
1 16666
1 9098
1 8871
1 5098
1 2791
1 3896
1 5485
1 335
1 12477
1 5235
1 5211
1 5105
1 11606
1 7149
1 615
1 746
1 11158
1 3145
1 4257
1 13826
1 3709
1 13722
1 7594
1 5608
1 3981
1 14551
1 11230
1 11248
1 2719
1 16045
1 13103
1 2292
1 1401
1 5964
1 8840
1 2173
1 10670
1 7214
1 15600
1 6617
1 704
1 858
1 15808
1 2478
1 12316
1 2914
1 10605
1 11191
1 369
1 245
1 5034
1 13830
1 2637
1 12891
1 15080
1 9878
1 11511
1 6920
1 2322
1 1187
1 13680
1 3262
1 13364
1 954
1 9724
1 5725
1 2193
1 1699
1 2878
1 9247
1 6430
1 12365
1 12421
1 16078
1 11206
1 2515
1 1262
1 7980
1 14101
1 1336
1 4362
1 2235
1 2148
1 12724
1 7753
1 15794
1 10648
1 8750
1 2480
1 2928
1 829
1 11936
1 4325
1 12541
1 4383
1 12413
1 15256
1 12484
1 6886
1 8530
1 4135
1 12379
1 4568
1 947
1 30
1 1600
1 1209
1 3802
1 13195
1 13728
1 2853
1 11264
1 1791
1 9329
1 3216
1 745
1 8472
1 44
1 9312
1 10350
1 14382
1 12700
1 436
1 3062
1 4946
1 97
1 174
1 1490
1 13782
1 15823
1 447
1 1974
1 11179
1 5479
1 9579
1 773
1 7156
1 9586
1 10287
1 15448
1 4885
1 4382
1 962
1 2855
1 4665
1 12228
1 2230
1 10117
1 4801
1 17
1 15007
1 10636
1 5133
1 6430
1 2948
1 10624
1 6626
1 13950
1 6627
1 13134
1 3823
1 4900
1 1898
1 3033
1 10385
1 7484
1 2596
1 247
1 8017
1 6205
1 11119
1 16599
1 7776
1 16959
1 10181
1 1182
1 7732
1 11337
1 9046
1 7676
1 6185
1 4689
1 12677
1 1787
1 12398
1 6024
1 1322
1 382
1 7590
1 12140
1 8163
1 10983
1 13636
1 11556
1 9766
1 13598
1 5034
1 8813
1 3671
1 9085
1 8883
1 7978
1 4199
1 17
1 12667
1 147
1 11264
1 5084
1 15552
1 3605
1 11567
1 8443
1 2269
1 2785
1 16763
1 7517
1 10480
1 5772
1 4972
1 2229
1 12702
1 2040
1 1363
1 15147
1 28
1 1861
1 380
1 9580
1 2087
1 652
1 6393
1 4944
1 796
1 11297
1 6792
1 3389
1 4366
1 14899
1 1673
1 10681
1 7397
1 9308
1 13515
1 11419
1 16106
1 11537
1 9662
1 9855
1 11159
1 504
1 4586
1 2015
1 14678
1 2731
1 13587
1 600
1 7147
1 16678
1 13226
1 4754
1 6721
1 2147
1 1709
1 7441
1 1893
1 15391
1 8661
1 15432
1 11286
1 5267
1 13713
1 833
1 12837
1 16887
1 14659
1 1976
1 10987
1 5570
1 1403
1 3494
1 2
1 15527
1 5548
1 5873
1 15812
1 13602
1 3670
1 628
1 13561
1 13012
1 8706
1 10401
1 7144
1 9035
1 8832
1 10781
1 10961
1 16687
1 2529
1 526
1 12381
1 2285
1 4812
1 5017
1 615
1 10797
1 16707
1 12014
1 2301
1 4984
1 2292
1 7177
1 3188
1 15703
1 8853
1 7126
1 10651
1 335
1 7074
1 11186
1 7537
1 6701
1 3500
1 2594
1 13918
1 1477
1 5001
1 1053
1 5483
1 8645
1 4651
1 13673
1 6437
1 5319
1 6369
1 7071
1 12907
1 1353
1 1149
1 6863
1 12843
1 14502
1 135
1 9179
1 10768
1 14368
1 5286
1 8223
1 1372
1 11671
1 2533
1 939
1 15323
1 13098
1 9664
1 8230
1 5576
1 3188
1 4839
1 5146
1 7033
1 1368
1 6567
1 11556
1 4695
1 3089
1 11515
1 1763
1 1
1 2058
1 8765
1 11679
1 14386
1 32
1 14072
1 7
1 7582
1 10210
1 1830
1 2446
1 11205
1 4547
1 4326
1 7816
1 13247
1 12624
1 884
1 1005
1 14
1 13109
1 9983
1 14804
1 11639
1 12989
1 755
1 13716
1 1104
1 16549
1 2112
1 14412
1 13379
1 1755
1 1090
1 5247
1 107
1 13267
1 15482
1 15179
1 6092
1 10340
1 1500
1 6984
1 926
1 15712
1 3074
1 50
1 14476
1 2206
1 2690
1 5981
1 13341
1 16027
1 13399
1 1712
1 644
1 6794
1 892
1 16893
1 9103
1 6270
1 15815
1 977
1 9823
1 11850
1 4495
1 1937
1 9222
1 9597
1 11222
1 7307
1 8952
1 3334
1 1110
1 7127
1 4084
1 2166
1 5462
1 12910
1 6095
1 7999
1 2533
1 4751
1 11567
1 3869
1 10706
1 6203
1 1711
1 12948
1 1731
1 10063
1 12703
1 8971
1 6707
1 15878
1 641
1 3716
1 7541
1 10457
1 5192
1 14246
1 11762
1 1052
1 9914
1 5643
1 15609
1 9495
1 8496
1 11755
1 5327
1 6521
1 6437
1 2023
1 706
1 16871
1 1203
1 4604
1 10370
1 39
1 13769
1 12826
1 1922
1 11205
1 13108
1 2651
1 15565
1 1977
1 672
1 9212
1 13379
1 10134
1 6492
1 2167
1 9883
1 3449
1 15653
1 6684
1 8993
1 5410
1 11328
1 12784
1 301
1 9794
1 7545
1 998
1 13961
1 429
1 454
1 1442
1 1043
1 13090
1 9447
1 2845
1 13508
1 14607
1 184
1 1215
1 7259
1 6690
1 16807
1 1500
1 3096
1 2704
1 4181
1 7072
1 4016
1 1735
1 16682
1 6087
1 6771
1 517
1 1206
1 3920
1 10474
1 10121
1 14598
1 10711
1 7229
1 3810
1 8531
1 3113
1 4075
1 9764
1 581
1 15517
1 8131
1 10728
1 8012
1 5345
1 213
1 6755
1 11292
1 12440
1 4326
1 13521
1 6765
1 13740
1 4984
1 7479
1 1407
1 6874
1 15175
1 1423
1 5095
1 4049
1 1178
1 13364
1 9162
1 8902
1 392
1 3726
1 2975
1 1148
1 15574
1 7233
1 9993
1 10066
1 7197
1 13281
1 3911
1 11465
1 16528
1 3108
1 10974
1 5223
1 7631
1 9448
1 9000
1 14541
1 15354
1 832
1 8344
1 12252
1 39
1 12113
1 12514
1 8183
1 5473
1 3757
1 8461
1 13409
1 7499
1 719
1 12390
1 9334
1 929
1 6721
1 15936
1 826
1 10658
1 16934
1 11525
1 5559
1 4453
1 12752
1 13778
1 13614
1 16916
1 13094
1 4030
1 3212
1 6143
1 1810
1 14068
1 7910
1 4039
1 2499
1 15309
1 1486
1 814
1 5748
1 2741
1 3445
1 14979
1 7768
1 443
1 6489
1 11585
1 5803
1 9121
1 16631
1 5748
1 7399
1 7884
1 12189
1 8662
1 2399
1 10342
1 944
1 12859
1 10065
1 6937
1 1149
1 3018
1 530
1 3465
1 4909
1 921
1 16145
1 1950
1 14610
1 7065
1 3120
1 4689
1 3574
1 2668
1 8813
1 383
1 5400
1 14378
1 6383
1 5481
1 8905
1 2966
1 5738
1 216
1 8712
1 883
1 5899
1 3323
1 655
1 3468
1 5476
1 11305
1 8662
1 3620
1 10681
1 7161
1 6204
1 5149
1 1203
1 10484
1 6168
1 3379
1 5487
1 3188
1 14607
1 4667
1 4527
1 1513
1 14786
1 2744
1 13001
1 267
1 16228
1 6259
1 10578
1 6623
1 11291
1 9538
1 11588
1 9968
1 8750
1 6121
1 13198
1 12843
1 2398
1 11715
1 14445
1 5323
1 12937
1 10614
1 15286
1 5309
1 9103
1 9569
1 7768
1 693
1 409
1 9252
1 3202
1 6563
1 5153
1 3064
1 6149
1 1418
1 3518
1 2872
1 10674
1 2721
1 12124
1 4135
1 7169
1 3834
1 12714
1 15433
1 10040
1 4352
1 14236
1 6080
1 5001
1 12891
1 10117
1 9064
1 3567
1 14288
1 3689
1 6898
1 8727
1 16141
1 7545
1 546
1 15926
1 9528
1 4220
1 1154
1 10057
1 2979
1 6013
1 12386
1 1476
1 8092
1 4357
1 8016
1 1452
1 10139
1 1916
1 8696
1 8307
1 3248
1 14968
1 5908
1 4958
1 6850
1 2025
1 1215
1 8368
1 2928
1 10117
1 1690
1 4948
1 8006
1 14103
1 5668
1 9179
1 7922
1 7147
1 4070
1 9285
1 374
1 914
1 15197
1 2798
1 14523
1 14627
1 12262
1 12575
1 8763
1 12817
1 2499
1 12330
1 3637
1 12369
1 9724
1 1037
1 6040
1 6816
1 3601
1 5034
1 8997
1 12871
1 1012
1 10027
1 8016
1 8759
1 3271
1 12105
1 7784
1 711
1 6089
1 1922
1 2717
1 2063
1 1928
1 16706
1 3533
1 4948
1 6968
1 15470
1 7265
1 16248
1 1483
1 13575
1 7350
1 4497
1 16188
1 498
1 5612
1 8955
1 11038
1 13863
1 15342
1 6460
1 7978
1 2853
1 5746
1 12841
1 13678
1 10337
1 15856
1 16390
1 6222
1 4818
1 11109
1 12974
1 14502
1 7740
1 2779
1 2594
1 5515
1 666
1 9910
1 1774
1 8448
1 6327
1 14289
1 8888
1 1481
1 2980
1 1804
1 10446
1 3385
1 933
1 7161
1 914
1 1755
1 2211
1 6394
1 5207
1 2051
1 2004
1 14732
1 988
1 9164
1 8786
1 360
1 489
1 1784
1 10866
1 10073
1 556
1 1844
1 3514
1 15732
1 6295
1 2047
1 6572
1 5541
1 9978
1 15253
1 6375
1 3644
