1 4662
1 16745
1 7748
1 5056
1 4035
1 809
1 7495
1 11546
1 9849
1 10384
1 1238
1 4777
1 3627
1 8071
1 12681
1 12826
1 5603
1 2821
1 4235
1 14348
1 3365
1 1113
1 2787
1 16383
1 15862
1 5895
1 6416
1 3324
1 4343
1 1700
1 1550
1 4211
1 10388
1 12043
1 4059
1 9155
1 9580
1 7622
1 14629
1 5628
1 2441
1 6319
1 4260
1 7043
1 3484
1 619
1 16606
1 485
1 2194
1 129
1 9392
1 1347
1 2978
1 12555
1 9357
1 9928
1 3536
1 14607
1 14700
1 845
1 11538
1 1665
1 12981
1 937
1 9859
1 5646
1 4027
1 11947
1 4389
1 4857
1 921
1 6612
1 5411
1 7636
1 16634
1 11040
1 3885
1 3018
1 13774
1 10305
1 6669
1 11268
1 605
1 11199
1 2731
1 8878
1 3095
1 1835
1 7567
1 4585
1 11505
1 137
1 14102
1 546
1 221
1 5002
1 1767
1 6322
1 3616
1 888
1 3388
1 3293
1 12752
1 13943
1 11334
1 790
1 16777
1 906
1 3445
1 54
1 1157
1 6577
1 8779
1 8834
1 5959
1 1397
1 769
1 15958
1 7004
1 4731
1 12173
1 9046
1 15911
1 728
1 3418
1 10526
1 6733
1 684
1 14988
1 2725
1 1023
1 8951
1 15028
1 8089
1 2299
1 6809
1 2028
1 4246
1 2405
1 858
1 16901
1 2966
1 4331
1 11186
1 262
1 15822
1 2800
1 4970
1 11954
1 3850
1 6294
1 1209
1 14275
1 12202
1 14458
1 427
1 4226
1 10962
1 1940
1 2739
1 888
1 16651
1 4725
1 2470
1 2902
1 5098
1 4622
1 2018
1 6868
1 6354
1 2689
1 7691
1 7534
1 2865
1 5690
1 706
1 1204
1 3089
1 8975
1 10580
1 1384
1 9654
1 12366
1 2922
1 5339
1 6664
1 10605
1 5518
1 7324
1 4912
1 4681
1 450
1 16968
1 1960
1 4547
1 16151
1 9616
1 4828
1 6847
1 13893
1 13686
1 15959
1 11329
1 3245
1 16068
1 5617
1 15956
1 5322
1 3387
1 8604
1 13267
1 3048
1 3646
1 8141
1 1361
1 14431
1 899
1 1035
1 12109
1 14667
1 10874
1 56
1 12469
1 9754
1 16838
1 13568
1 3659
1 9654
1 1542
1 2000
1 4397
1 5690
1 8680
1 8004
1 11696
1 12272
1 4114
1 15582
1 12794
1 13924
1 6192
1 8773
1 7638
1 14366
1 9358
1 161
1 2980
1 8407
1 3678
1 2625
1 12758
1 1211
1 15537
1 13191
1 4933
1 9228
1 10386
1 10506
1 15600
1 1483
1 5917
1 9276
1 2293
1 2509
1 8415
1 9847
1 13995
1 6694
1 12498
1 202
1 1184
1 8823
1 12244
1 6230
1 5175
1 14136
1 28
1 5355
1 16706
1 14177
1 4535
1 6357
1 9103
1 2325
1 6931
1 7583
1 4344
1 2877
1 1557
1 10349
1 1630
1 2462
1 10523
1 8397
1 2144
1 14607
1 13943
1 10787
1 2622
1 8133
1 15783
1 2822
1 13753
1 4314
1 15198
1 11654
1 11716
1 8038
1 3944
1 2768
1 1498
1 11374
1 10891
1 7886
1 13443
1 13323
1 13336
1 359
1 2469
1 9890
1 169
1 3830
1 9557
1 8648
1 11825
1 6393
1 7726
1 13443
1 16045
1 9228
1 1929
1 2451
1 2372
1 6717
1 12244
1 9653
1 15640
1 10774
1 10481
1 12657
1 1113
1 6977
1 13668
1 13247
1 8490
1 7918
1 280
1 442
1 128
1 9167
1 120
1 762
1 10001
1 7211
1 2842
1 1175
1 1665
1 14883
1 5584
1 15266
1 3373
1 15983
1 6577
1 1234
1 9893
1 1370
1 2164
1 4130
1 1571
1 12627
1 16382
1 13029
1 13311
1 2445
1 2215
1 655
1 15055
1 9901
1 10693
1 15184
1 10056
1 13979
1 3542
1 7426
1 483
1 3779
1 3930
1 8880
1 483
1 13912
1 10382
1 8511
1 12330
1 9826
1 8993
1 13908
1 6751
1 950
1 13218
1 9605
1 4322
1 380
1 13732
1 15930
1 2216
1 6240
1 4778
1 5677
1 9611
1 247
1 3138
1 13053
1 2472
1 505
1 5313
1 15504
1 15185
1 3261
1 5351
1 5977
1 2246
1 12216
1 5515
1 922
1 11203
1 8134
1 2229
1 9825
1 2642
1 9790
1 4580
1 2297
1 9029
1 3025
1 8873
1 16694
1 8708
1 4966
1 2777
1 7170
1 1209
1 9683
1 2215
1 3716
1 1711
1 3584
1 10548
1 3465
1 14116
1 11536
1 8808
1 2888
1 7134
1 8770
1 3453
1 13813
1 5831
1 954
1 17
1 682
1 14412
1 7600
1 14720
1 13723
1 5002
1 7474
1 16043
1 14830
1 15084
1 13449
1 13718
1 5772
1 10978
1 11260
1 11877
1 9480
1 2787
1 1208
1 9627
1 13546
1 13912
1 1271
1 2762
1 9063
1 10167
1 2220
1 1203
1 9446
1 13715
1 8177
1 6553
1 10565
1 9060
1 15912
1 3478
1 2211
1 507
1 360
1 62
1 6430
1 15463
1 10081
1 14611
1 5738
1 4675
1 5707
1 7486
1 11119
1 8085
1 3597
1 8194
1 4681
1 1115
1 4114
1 7348
1 477
1 6613
1 9371
1 10832
1 5142
1 12330
1 12749
1 10004
1 3017
1 881
1 14205
1 4478
1 13919
1 4110
1 3005
1 6414
1 8595
1 9926
1 12355
1 3709
1 13813
1 128
1 3348
1 3478
1 6346
1 14918
1 5596
1 11711
1 16348
1 1152
1 5388
1 2495
1 3185
1 3930
1 2909
1 1283
1 49
1 16912
1 7908
1 1891
1 10603
1 12577
1 3999
1 10102
1 871
1 628
1 5977
1 5676
1 8656
1 681
1 5005
1 4147
1 9199
1 4831
1 4774
1 5886
1 14997
1 14415
1 1011
1 905
1 1114
1 13709
1 1813
1 10126
1 2712
1 5282
1 9980
1 120
1 15407
1 533
1 4725
1 9332
1 379
1 833
1 4240
1 8756
1 8508
1 898
1 14770
1 11247
1 4804
1 7428
1 5032
1 12516
1 9355
1 14809
1 5565
1 905
1 453
1 490
1 10295
1 9028
1 10470
1 12571
1 6157
1 15614
1 5336
1 776
1 11722
1 16405
1 9759
1 243
1 16863
1 13863
1 2216
1 2803
1 4979
1 1480
1 2468
1 2287
1 11764
1 3635
1 13400
1 8101
1 4583
1 11803
1 16273
1 16318
1 5316
1 7783
1 2243
1 1008
1 4907
1 15833
1 1711
1 4768
1 6697
1 16115
1 2446
1 6094
1 12743
1 11982
1 652
1 5488
1 6506
1 1774
1 531
1 10085
1 16058
1 10539
1 8420
1 9951
1 11241
1 11588
1 76
1 2345
1 2262
1 7949
1 11264
1 108
1 7004
1 6351
1 9019
1 727
1 5489
1 6932
1 10641
1 7469
1 1511
1 153
1 3822
1 10029
1 12262
1 16408
1 9779
1 5769
1 15792
1 1137
1 1479
1 5073
1 8245
1 5274
1 4839
1 2914
1 8424
1 11027
1 1800
1 14244
1 2462
1 8264
1 8379
1 2231
1 3881
1 13443
1 10878
1 16045
1 14199
1 4819
1 5366
1 15841
1 1557
1 7856
1 13632
1 6624
1 63
1 7182
1 12352
1 13653
1 2579
1 4627
1 16732
1 4918
1 2195
1 1787
1 4734
1 9665
1 7169
1 1665
1 4642
1 3633
1 2472
1 13342
1 1592
1 11995
1 1602
1 2861
1 16560
1 2607
1 1479
1 6257
1 12722
1 701
1 5025
1 4155
1 5520
1 13545
1 2615
1 4784
1 4663
1 14997
1 438
1 10097
1 1814
1 13460
1 15658
1 10055
1 2934
1 1903
1 16127
1 16055
1 14861
1 3866
1 15623
1 7545
1 980
1 7406
1 13819
1 2927
1 2149
1 3867
1 582
1 16558
1 3686
1 2360
1 8528
1 14236
1 13663
1 5920
1 6952
1 2216
1 15264
1 1461
1 5677
1 16155
1 9796
1 8160
1 845
1 10416
1 8134
1 13762
1 13246
1 11871
1 1868
1 1181
1 4624
1 6516
1 2624
1 10709
1 103
1 5235
1 3232
1 3306
1 3532
1 7623
1 4056
1 8286
1 10972
1 703
1 2177
1 1948
1 15815
1 10180
1 14448
1 5731
1 581
1 3181
1 1178
1 7942
1 812
1 4520
1 3278
1 14573
1 250
1 2908
1 200
1 1496
1 16325
1 6735
1 9987
1 954
1 1286
1 2219
1 10010
1 4855
1 11321
1 13939
1 16415
1 11010
1 2515
1 6658
1 8842
1 13221
1 4693
1 3248
1 13394
1 13617
1 6731
1 6723
1 15253
1 3350
1 9215
1 11543
1 4766
1 2041
1 12227
1 52
1 5974
1 8750
1 14602
1 1304
1 12375
1 882
1 4237
1 3102
1 10723
1 12704
1 6023
1 13635
1 4728
1 13326
1 10565
1 1422
1 1370
1 888
1 9513
1 1892
1 13630
1 426
1 1930
1 7545
1 2280
1 917
1 15324
1 12979
1 7056
1 10674
1 1407
1 2876
1 888
1 13809
1 895
1 5570
1 430
1 9648
1 6076
1 7414
1 7816
1 5588
1 10257
1 5455
1 9110
1 6424
1 777
1 3544
1 1051
1 15294
1 1643
1 7563
1 9501
1 5363
1 11679
1 2030
1 8606
1 2411
1 972
1 1464
1 16520
1 3797
1 1760
1 2765
1 9927
1 2351
1 2345
1 10183
1 15967
1 5218
1 13495
1 2107
1 706
1 2148
1 4884
1 666
1 11925
1 4008
1 11603
1 4593
1 9392
1 12469
1 7334
1 5049
1 10946
1 7603
1 12218
1 9377
1 8282
1 6284
1 204
1 2297
1 4718
1 8360
1 16170
1 672
1 2656
1 16111
1 3957
1 1332
1 5710
1 15857
1 9958
1 9467
1 4370
1 148
1 47
1 44
1 7139
1 3435
1 5024
1 16717
1 584
1 3411
1 4622
1 7278
1 9140
1 6163
1 12928
1 12563
1 1811
1 14699
1 7086
1 3478
1 4291
1 15476
1 11361
1 9029
1 1994
1 14758
1 15633
1 11788
1 1945
1 15082
1 15097
1 7517
1 11992
1 8015
1 1009
1 15034
1 5161
1 3518
1 128
1 15365
1 11097
1 13886
1 548
1 2240
1 8294
1 2596
1 16612
1 12674
1 11758
1 14242
1 6296
1 12213
1 1009
1 16045
1 10623
1 15378
1 1203
1 10962
1 9164
1 10784
1 3388
1 888
1 13701
1 2459
1 551
1 1809
1 4069
1 10731
1 10071
1 10514
1 13765
1 10086
1 5943
1 13790
1 7848
1 10731
1 6791
1 5120
1 16520
1 2893
1 15792
1 1224
1 284
1 9673
1 8544
1 6382
1 13807
1 2914
1 1192
1 8469
1 2892
1 9978
1 6747
1 7408
1 6352
1 14222
1 5517
1 1650
1 13433
1 8976
1 277
1 8155
1 5644
1 13405
1 4578
1 575
1 14913
1 5653
1 740
1 3735
1 4843
1 4206
1 8827
1 11253
1 16721
1 16772
1 865
1 1846
1 1310
1 3266
1 10849
1 14125
1 3923
1 1051
1 10469
1 16620
1 1764
1 8420
1 8953
1 16194
1 3400
1 9553
1 1739
1 11335
1 4862
1 3723
1 2893
1 11218
1 2895
1 10570
1 1903
1 10684
1 520
1 2274
1 14834
1 13663
1 10039
1 9834
1 12014
1 11642
1 13104
1 11560
1 13767
1 11343
1 5975
1 3107
1 6079
1 16318
1 2205
1 6495
1 4845
1 1356
1 12840
1 9759
1 8569
1 484
1 1259
1 11374
1 109
1 13782
1 7834
1 10923
1 1713
1 8260
1 6654
1 3981
1 3702
1 4303
1 7691
1 884
1 15909
1 14057
1 7375
1 7129
1 16080
1 560
1 15486
1 4320
1 7169
1 15331
1 4275
1 3269
1 14752
1 1117
1 5192
1 2194
1 11524
1 3050
1 321
1 11220
1 5945
1 16234
1 280
1 10836
1 8321
1 14249
1 192
1 6649
1 7978
1 15878
1 8363
1 7200
1 2281
1 4746
1 16456
1 5520
1 14051
1 4247
1 12432
1 4944
1 12650
1 2482
1 1651
1 1489
1 2737
1 5087
1 4051
1 6734
1 1578
1 4578
1 14470
1 11688
1 1495
1 9234
1 247
1 4601
1 8083
1 4181
1 3358
1 15192
1 4654
1 4656
1 11227
1 6669
1 13944
1 13556
1 10869
1 10397
1 13702
1 3058
1 47
1 5664
1 477
1 10465
1 3517
1 2234
1 6354
1 12960
1 13714
1 8984
1 5259
1 5329
1 14645
1 8152
1 13978
1 12717
1 9815
1 1491
1 1399
1 11433
1 2575
1 9710
1 13893
1 309
1 7471
1 3373
1 7048
1 8449
1 4658
1 1200
1 12383
1 2516
1 5487
1 5054
1 12643
1 12530
1 4050
1 4066
1 15148
1 3032
1 9493
1 2686
1 13326
1 13404
1 2728
1 7940
1 8080
1 8013
1 4147
1 220
1 14701
1 9741
1 13702
1 71
1 11475
1 8721
1 5752
1 6348
1 13210
1 5406
1 9213
1 1882
1 5775
1 5195
1 14758
1 3256
1 4258
1 12396
1 3672
1 480
1 12270
1 6066
1 10870
1 13478
1 14751
1 6518
1 5871
1 2326
1 779
1 1423
1 11586
1 10973
1 523
1 11489
1 247
1 2354
1 9894
1 8768
1 1457
1 13365
1 5504
1 15804
1 10063
1 7263
1 6752
1 10043
1 9562
1 10593
1 230
1 11508
1 8183
1 9023
1 5855
1 10074
1 1395
1 15355
1 8800
1 15283
1 13773
1 5979
1 3149
1 1863
1 6055
1 4068
1 8600
1 2999
1 12103
1 12244
1 9825
1 1196
1 1956
1 2087
1 6596
1 755
1 15124
1 5563
1 7625
1 7766
1 7356
1 15254
1 14496
1 13069
1 13369
1 16429
1 2792
1 9049
1 615
1 1485
1 7283
1 7325
1 107
1 8807
1 1812
1 3313
1 14926
1 8184
1 13171
1 5720
1 2202
1 15288
1 5711
1 238
1 9110
1 10249
1 11406
1 12986
1 12349
1 2445
1 3436
1 15041
1 2886
1 14943
1 16045
1 3337
1 8905
1 189
1 1428
1 10684
1 11047
1 4808
1 12477
1 15167
1 12312
1 359
1 6307
1 13541
1 14268
1 11995
1 8389
1 6014
1 495
1 12894
1 9103
1 2204
1 9484
1 1251
1 16682
1 8365
1 6914
1 14697
1 3746
1 16394
1 5758
1 5950
1 8799
1 6430
1 2462
1 13766
1 12600
1 4634
1 13618
1 1891
1 15260
1 5012
1 3130
1 8813
1 12778
1 7496
1 1669
1 10691
1 10081
1 12581
1 7376
1 10439
1 16714
1 3891
1 11595
1 13877
1 2713
1 9761
1 14
1 1192
1 5235
1 600
1 13486
1 15506
1 13394
1 6169
1 4768
1 7627
1 2357
1 9491
1 1515
1 10741
1 13218
1 11192
1 11593
1 10880
1 10302
1 12691
1 5167
1 2433
1 11038
1 5613
1 8882
1 2226
1 6447
1 4648
1 2288
1 7485
1 14003
1 12354
1 6585
1 5975
1 3319
1 2472
1 2772
1 10012
1 3641
1 13767
1 6546
1 4367
1 13862
1 1880
1 14607
1 1048
1 9171
1 8342
1 2485
1 6458
1 1379
1 13662
1 10020
1 314
1 920
1 10793
1 2236
1 4465
1 5547
1 9770
1 8642
1 450
1 15801
1 10962
1 1255
1 12990
1 8989
1 1565
1 12989
1 485
1 918
1 2167
1 5749
1 1286
1 14988
1 5767
1 33
1 6005
1 6304
1 1788
1 9565
1 12825
1 789
1 16776
1 10214
1 994
1 4420
1 11867
1 8519
1 10441
1 5040
1 8351
1 527
1 12563
1 10349
1 5310
1 3909
1 12010
1 4506
1 9920
1 6805
1 1039
1 3029
1 5198
1 2235
1 1660
1 3603
1 4171
1 120
1 1928
1 6449
1 13126
1 1230
1 1440
1 3662
1 3006
1 5805
1 7336
1 6144
1 1436
1 5955
1 9966
1 13635
1 13576
1 4128
1 4859
1 13134
1 12214
1 9784
1 11600
1 13795
1 10459
1 504
1 4932
1 9392
1 12581
1 4761
1 2873
1 314
1 13333
1 15462
1 14758
1 5767
1 12006
1 4407
1 2228
1 5604
1 4703
1 5772
1 14045
1 7491
1 11584
1 6854
1 1926
1 6332
1 7611
1 1716
1 10940
1 5628
1 8950
1 6727
1 9873
1 4820
1 15105
1 15533
1 13002
1 11839
1 4617
1 9197
1 5050
1 11627
1 10266
1 15131
1 16276
1 7969
1 750
1 9954
1 4728
1 15009
1 2438
1 5744
1 1402
1 7974
1 8723
1 1439
1 2451
1 466
1 16
1 8007
1 15082
1 9103
1 10277
1 16771
1 6581
1 448
1 15267
1 5252
1 2609
1 1407
1 8379
1 1946
1 3053
1 16479
1 1517
1 10086
1 8080
1 13328
1 13683
1 4733
1 5000
1 6152
1 8278
1 4396
1 4456
1 1919
1 16207
1 4834
1 14531
1 14812
1 5917
1 8229
1 12134
1 1019
1 5721
1 16109
1 7700
1 4344
1 1809
1 2715
1 3234
1 14561
1 16
1 1545
1 13747
1 14473
1 432
1 10778
1 6060
1 1928
1 5335
1 2116
1 12990
1 13625
1 8379
1 6205
1 12513
1 5055
1 10876
1 9258
1 2449
1 2065
1 13772
1 11713
1 3455
1 9115
1 14877
1 2531
1 70
1 3047
1 12836
1 9785
1 3310
1 14935
1 3497
1 8619
1 1437
1 16845
1 16602
1 1115
1 4584
1 7853
1 678
1 3270
1 1794
1 6416
1 10667
1 10483
1 1177
1 489
1 7030
1 5058
1 15073
1 9121
1 1070
1 1152
1 6259
1 7415
1 12717
1 6857
1 1193
1 16959
1 9191
1 6122
1 1344
1 14056
1 2884
1 9481
1 10556
1 971
1 1544
1 108
1 1298
1 3001
1 7613
1 3024
1 1015
1 9656
1 15375
1 476
1 676
1 11190
1 14414
1 5042
1 14467
1 13176
1 1882
1 5145
1 8744
1 4327
1 3813
1 1559
1 2962
1 2281
1 234
1 16451
1 1093
1 1242
1 12008
1 6932
1 16405
1 10090
1 1133
1 5585
1 806
1 8238
1 12406
1 8101
1 11160
1 4375
1 10921
1 2983
1 3034
1 9205
1 8880
1 477
1 7211
1 8443
1 2540
1 1142
1 13928
1 11241
1 11091
1 8826
1 13515
1 3749
1 10091
1 13956
1 9519
1 3981
1 3444
1 570
1 28
1 9246
1 1470
1 5286
1 14158
1 15684
1 5204
1 1944
1 1199
1 10174
1 7297
1 8938
1 8695
1 1702
1 570
1 1998
1 8523
1 6628
1 6296
1 14301
1 14623
1 6218
1 9066
1 2386
1 10349
1 6532
1 9002
1 12468
1 8627
1 7860
1 5243
1 15358
1 2144
1 2442
1 13294
1 13693
1 4397
1 15432
1 709
1 1873
1 5454
1 4019
1 9465
1 1221
1 1683
1 2240
1 746
1 7748
1 9
1 7763
1 1557
1 11916
1 10778
1 3968
1 8900
1 15305
1 6064
1 2776
1 2987
1 6544
1 6165
1 9103
1 2234
1 834
1 7689
1 8713
1 292
1 10847
1 6552
1 16716
1 10625
1 7221
1 8816
1 3989
1 1554
1 11128
1 755
1 4787
1 1176
1 9910
1 7751
1 11754
1 1439
1 7545
1 15860
1 5265
1 1537
1 1665
1 1200
1 8133
1 3629
1 13640
1 1940
1 7519
1 1718
1 2291
1 6218
1 294
1 776
1 13614
1 5043
1 2529
1 16812
1 6110
1 8861
1 13789
1 9724
1 3185
1 13251
1 14596
1 2985
1 13002
1 1039
1 530
1 7751
1 11882
1 2279
1 10643
1 6935
1 2201
1 5879
1 13331
1 5926
1 8277
1 3489
1 180
1 13035
1 10910
1 8743
1 2480
1 12450
1 2284
1 2445
1 16439
1 13912
1 15522
1 12267
1 14701
1 6095
1 1772
1 10509
1 1577
1 10549
1 3121
1 10787
1 2686
1 2515
1 16416
1 5843
1 11976
1 13399
1 888
1 2090
1 12596
1 15600
1 7390
1 3381
1 2402
1 845
1 6636
1 4105
1 1377
1 10506
1 15
1 5623
1 5586
1 8700
1 13410
1 14523
1 14672
1 13982
1 1397
1 5034
1 13577
1 2081
1 1677
1 12784
1 16928
1 2983
1 15874
1 1681
1 13818
1 7841
1 14092
1 6913
1 5552
1 11991
1 10977
1 12805
1 4444
1 15081
1 12079
1 5206
1 2121
1 16135
1 5512
1 1015
1 7581
1 10700
1 14350
1 14016
1 1665
1 7384
1 12670
1 1477
1 13699
1 10705
1 6814
1 7223
1 7790
1 16691
1 10779
1 11248
1 4019
1 5137
1 8332
1 2445
1 8591
1 4736
1 3669
1 11762
1 14652
1 3716
1 9488
1 6428
1 4247
1 12571
1 8775
1 14737
1 10011
1 12645
1 2808
1 1764
1 14458
1 15146
1 13467
1 14004
1 2010
1 6805
1 13702
1 9847
1 11292
1 2703
1 15473
1 8958
1 5098
1 8792
1 706
1 5155
1 7739
1 3609
1 15875
1 1049
1 1359
1 8813
1 13979
1 5106
1 1829
1 2987
1 9966
1 2854
1 12978
1 10374
1 15397
1 14968
1 2245
1 8635
1 12666
1 2453
1 11797
1 5723
1 13770
1 2889
1 7984
1 12330
1 8964
1 16722
1 15302
1 4808
1 2003
1 983
1 9210
1 485
1 6444
1 14849
1 7167
1 187
1 5282
1 7033
1 10761
1 12529
1 16944
1 9842
1 12819
1 3502
1 17
1 16658
1 10382
1 3582
1 6141
1 14023
1 1440
1 93
1 8361
1 4934
1 8166
1 13718
1 16045
1 16559
1 16700
1 313
1 6576
1 1410
1 13614
1 11586
1 2994
1 5098
1 5285
1 11588
1 3251
1 2588
1 16045
1 96
1 14280
1 4960
1 13527
1 3942
1 3353
1 317
1 2926
1 3076
1 3409
1 807
1 1175
1 9287
1 5762
1 10530
1 12628
1 4809
1 6545
1 8089
1 2956
1 11733
1 8457
1 4260
1 7099
1 4180
1 12865
1 13799
1 9283
1 4045
1 9538
1 12378
1 7033
1 8581
1 12784
1 14361
1 6218
1 13768
1 7869
1 3445
1 8026
1 4303
1 16023
1 8596
1 15051
1 3873
1 13576
1 11873
1 13019
1 10564
1 2388
1 5440
1 2096
1 1049
1 10835
1 5570
1 1812
1 2720
1 2226
1 1350
1 1500
1 3790
1 6473
1 5454
1 15412
1 13561
1 10055
1 3838
1 13772
1 16628
1 3978
1 521
1 2256
1 12573
1 6952
1 8313
1 10030
1 4846
1 4106
1 6761
1 14136
1 13699
1 15288
1 5781
1 4161
1 6946
1 8160
1 3808
1 233
1 16140
1 2029
1 5655
1 3014
1 9455
1 5836
1 321
1 15893
1 5300
1 2306
1 13863
1 11946
1 7223
1 10987
1 4032
1 1283
1 12932
1 2756
1 13659
1 14504
1 11741
1 12614
1 10575
1 8721
1 1520
1 8773
1 5180
1 3990
1 5108
1 3988
1 3632
1 3502
1 9334
1 1575
1 6416
1 9069
1 4774
1 7489
1 2206
1 14260
1 6100
1 10459
1 16733
1 3264
1 10105
1 4432
1 14300
1 13930
1 10000
1 1048
1 6937
1 4056
1 2778
1 7144
1 326
1 11549
1 4265
1 4109
1 13548
1 9470
1 9362
1 15484
1 1384
1 15644
1 2
1 9546
1 1522
1 11143
1 11328
1 5871
1 15958
1 4967
1 13586
1 8381
1 12581
1 1747
1 10101
1 108
1 16493
1 10130
1 1122
1 13294
1 5137
1 13367
1 7686
1 2878
1 1712
1 13665
1 7061
1 13659
1 16754
1 9031
1 2475
1 10733
1 61
1 5024
1 924
1 14175
1 10662
1 15317
1 1704
1 4681
1 1867
1 2050
1 11138
1 5561
1 10663
1 2240
1 11952
1 1937
1 13252
1 6583
1 11077
1 3319
1 5766
1 306
1 6994
1 9226
1 15971
1 9868
1 13404
1 15020
1 2411
1 9074
1 15426
1 293
1 12977
1 5541
1 13789
1 5486
1 4618
1 6500
1 3852
1 15180
1 5704
1 1937
1 2000
1 1062
1 215
1 11579
1 2146
1 2489
1 5517
1 598
1 1480
1 888
1 8413
1 11166
1 15742
1 13769
1 12997
1 7606
1 7272
1 1747
1 14608
1 10751
1 15948
1 3227
1 7922
1 12958
1 9200
1 12267
1 3474
1 3398
1 5211
1 8450
1 979
1 9001
1 4516
1 1367
1 2617
1 9217
1 13236
1 14881
1 1582
1 3667
1 3725
1 4069
1 2994
1 9162
1 11768
1 4823
1 3732
1 2218
1 10183
1 1242
1 176
1 1913
1 6409
1 2053
1 849
1 13938
1 8441
1 3762
1 15744
1 11062
1 520
1 15882
1 16535
1 7426
1 15049
1 1919
1 13166
1 4581
1 400
1 11921
1 807
1 14377
1 8094
1 7473
1 2018
1 2043
1 5712
1 2208
1 7100
1 3445
1 1752
1 2101
1 210
1 10420
1 1104
1 7679
1 4689
1 1440
1 5297
1 9027
1 2247
1 13233
1 7593
1 2532
1 13821
1 1676
1 11339
1 13640
1 15407
1 10954
1 4341
1 8451
1 846
1 16037
1 3653
1 1527
1 3062
1 9358
1 15017
1 13553
1 1712
1 13712
1 16194
1 2338
1 12515
1 7332
1 9994
1 4896
1 3997
1 9865
1 13899
1 5634
1 11571
1 5584
1 16084
1 8915
1 9825
1 2449
1 1200
1 3955
1 7134
1 4781
1 1589
1 1062
1 12419
1 11282
1 10796
1 5263
1 8160
1 921
1 15640
1 8408
1 15142
1 4601
1 5067
1 8261
1 11567
1 12795
1 2404
1 16179
1 63
1 8721
1 16156
1 15012
1 12406
1 3174
1 4080
1 16475
1 11976
1 15427
1 1943
1 5610
1 9597
1 628
1 10712
1 2419
1 6396
1 4179
1 10573
1 10536
1 5234
1 14427
1 1837
1 16062
1 12571
1 424
1 4777
1 7356
1 2798
1 12367
1 1181
1 302
1 2393
1 7056
1 4045
1 11112
1 3746
1 6534
1 11343
1 1987
1 10836
1 7526
1 5013
1 868
1 105
1 10523
1 12994
1 2607
1 4488
1 11720
1 16947
1 11610
1 2235
1 16084
1 4353
1 14221
1 7214
1 8041
1 16209
1 5781
1 109
1 767
1 7510
1 1009
1 4449
1 2899
1 2663
1 15708
1 5742
1 13670
1 10588
1 7733
1 15537
1 2709
1 11339
1 8776
1 8302
1 11630
1 7281
1 3704
1 791
1 2975
1 7421
1 6245
1 2506
1 6279
1 6271
1 13159
1 4220
1 1259
1 3990
1 1252
1 14192
1 12699
1 8709
1 11238
1 8865
1 2332
1 15871
1 2388
1 14911
1 1117
1 1876
1 1887
1 7644
1 12479
1 917
1 3707
1 12666
1 8457
1 5683
1 8131
1 12068
1 1667
1 10452
1 12686
1 15331
1 14108
1 3630
1 1414
1 5625
1 1774
1 9749
1 13754
1 5854
1 12479
1 7370
1 10678
1 8707
1 11061
1 13055
1 1897
1 759
1 3213
1 453
1 4817
1 1838
1 2163
1 2863
1 10291
1 8805
1 9897
1 1479
1 9686
1 1774
1 135
1 2605
1 3391
1 13863
1 9593
1 15609
1 1675
1 16756
1 12717
1 13320
1 663
1 12193
1 1903
1 1181
1 5753
1 4924
1 13447
1 2290
1 11978
1 7025
1 552
1 9622
1 1136
1 4105
1 15113
1 13401
1 4423
1 15856
1 2236
1 10637
1 4452
1 7001
1 6314
1 1450
1 5063
1 12767
1 8711
1 2445
1 8053
1 5400
1 4633
1 12212
1 132
1 11481
1 9966
1 6656
1 11732
1 2033
1 5322
1 5459
1 12523
1 2235
1 15234
1 8452
1 13634
1 10482
1 2918
1 12641
1 3582
1 15290
1 8801
1 8139
1 9290
1 2935
1 7898
1 2216
1 7492
1 6443
1 5602
1 5992
1 6123
1 4682
1 6177
1 16973
1 2983
1 16045
1 3468
1 13043
1 6205
1 13092
1 6294
1 3247
1 13659
1 1527
1 14036
1 3664
1 2031
1 15043
1 10383
1 10019
1 5546
1 498
1 15836
1 14674
1 16001
1 27
1 10170
1 2583
1 6495
1 7015
1 16508
1 11542
1 3745
1 7169
1 11081
1 15135
1 6482
1 13337
1 4117
1 10841
1 1810
1 6607
1 7343
1 3020
1 6907
1 6423
1 4050
1 715
1 1766
1 3951
1 1333
1 468
1 4516
1 10613
1 7659
1 5034
1 14143
1 2332
1 14635
1 7077
1 998
1 760
1 15304
1 3526
1 10222
1 6833
1 3573
1 12275
1 3180
1 10491
1 755
1 15121
1 10379
1 5289
1 8606
1 5529
1 678
1 9391
1 8617
1 16089
1 176
1 6555
1 9515
1 4601
1 1038
1 3484
1 4406
1 8853
1 3051
1 250
1 13793
1 11718
1 4587
1 4663
1 677
1 4672
1 8623
1 10543
1 3096
1 12075
1 4177
1 9488
1 3016
1 10246
1 14537
1 13631
1 2038
1 242
1 4449
1 2115
1 1333
1 3471
1 4505
1 310
1 1091
1 615
1 5758
1 12209
1 4886
1 2350
1 4910
1 4748
1 7043
1 4669
1 13721
1 6918
1 2679
1 2691
1 6173
1 15602
1 4687
1 2379
1 1974
1 249
1 3414
1 106
1 3007
1 9050
1 12370
1 16097
1 1794
1 15983
1 13480
1 3162
1 9559
1 12021
1 42
1 7940
1 4861
1 281
1 12108
1 15461
1 13706
1 4104
1 4458
1 12467
1 8750
1 481
1 9310
1 9103
1 11683
1 5748
1 10944
1 14301
1 5087
1 9366
1 13150
1 5002
1 10519
1 2970
1 13749
1 445
1 6849
1 6508
1 1891
1 4171
1 6891
1 10648
1 8181
1 6053
1 7309
1 10659
1 7567
1 3267
1 15499
1 10743
1 6407
1 1307
1 1454
1 3752
1 934
1 12423
1 10946
1 5215
1 16933
1 2100
1 13468
1 6657
1 15742
1 9216
1 5793
1 1640
1 3967
1 5963
1 9160
1 8191
1 8888
1 12382
1 1496
1 13585
1 556
1 1910
1 9119
1 3582
1 2784
1 6489
1 12736
1 13911
1 3090
1 7525
1 3847
1 14
1 15713
1 14601
1 14458
1 11770
1 16629
1 11383
1 15323
1 4334
1 1161
1 14576
1 2633
1 16153
1 7167
1 7520
1 1175
1 8231
1 10321
1 7941
1 12680
1 3449
1 6836
1 2339
1 6305
1 1194
1 13863
1 9455
1 16171
1 10229
1 13871
1 7514
1 10513
1 8620
1 6601
1 9611
1 12203
1 7832
1 12152
1 13055
1 11588
1 2775
1 4017
1 289
1 16648
1 9612
1 751
1 1205
1 14568
1 367
1 14905
1 479
1 14273
1 10273
1 14521
1 6135
1 6815
1 3123
1 6620
1 1266
1 13332
1 8968
1 11906
1 13346
1 10546
1 7027
1 8755
1 13092
1 7455
1 767
1 7024
1 8174
1 1677
1 7356
1 1081
1 16243
1 10807
1 703
1 16771
1 6961
1 8148
1 12670
1 6929
1 2621
1 7941
1 9713
1 13792
1 1105
1 14475
1 13639
1 628
1 5716
1 12132
1 15158
1 742
1 833
1 1354
1 510
1 4676
1 14113
1 1983
1 4179
1 4840
1 10121
1 5734
1 8637
1 15509
1 9801
1 11174
1 7528
1 2947
1 3113
1 5845
1 8303
1 1266
1 10594
1 6368
1 16395
1 12765
1 4367
1 13830
1 3927
1 5746
1 6765
1 13485
1 3115
1 16857
1 6019
1 4461
1 16
1 5699
1 244
1 5619
1 1342
1 14115
1 16126
1 5462
1 102
1 2282
1 8941
1 477
1 665
1 13027
1 1937
1 12205
1 4132
1 14609
1 10796
1 11339
1 7575
1 12257
1 14964
1 5115
1 16711
1 11165
1 5846
1 7951
1 14502
1 14311
1 6765
1 6893
1 1770
1 4179
1 13308
1 1828
1 2283
1 5513
1 11653
1 6758
1 10892
1 6623
1 10172
1 12099
1 3637
1 3934
1 16299
1 15207
1 8886
1 5316
1 2630
1 125
1 5690
1 11109
1 14893
1 4202
1 9698
1 10286
1 2480
1 6869
1 15018
1 125
1 11246
1 15825
1 15329
1 5687
1 15531
1 661
1 13796
1 2928
1 6966
1 15684
1 276
1 1701
1 12805
1 9013
1 8147
1 10273
1 3686
1 136
1 16819
1 308
1 14925
1 833
1 4168
1 13515
1 14646
1 6377
1 11057
1 10291
1 1726
1 16774
1 4656
1 1196
1 548
1 2313
1 11984
1 8240
1 11248
1 8750
1 11246
1 2549
1 247
1 11004
1 5707
1 15321
1 12067
1 12389
1 4001
1 772
1 369
1 6940
1 7734
1 5652
1 4981
1 13811
1 3213
1 13211
1 8817
1 8991
1 5363
1 2583
1 11796
1 6835
1 12460
1 10017
1 6964
1 14868
1 5654
1 14607
1 5091
1 1495
1 9111
1 10340
1 4929
1 2472
1 3149
1 4430
1 846
1 8784
1 16841
1 15082
1 15377
1 4886
1 9349
1 1955
1 1447
1 267
1 5037
1 4836
1 12552
1 9379
1 11584
1 2430
1 11964
1 6611
1 8188
1 12042
1 2820
1 6883
1 15158
1 5687
1 158
1 4714
1 6297
1 1537
1 8891
1 15502
1 2916
1 826
1 1137
1 2638
1 242
1 4655
1 3962
1 7520
1 12856
1 10216
1 14943
1 6110
1 8501
1 13783
1 9671
1 12333
1 13691
1 1583
1 9998
1 11543
1 3906
1 940
1 8877
1 2350
1 11615
1 4607
1 3847
1 3626
1 13228
1 15351
1 1901
1 10157
1 5333
1 8331
1 3450
1 13781
1 2490
1 5916
1 9033
1 9541
1 1167
1 5259
1 2254
1 3292
1 2860
1 5000
1 9913
1 13779
1 8971
1 10194
1 4045
1 4970
1 4384
1 5621
1 484
1 752
1 2050
1 4940
1 2028
1 5435
1 12351
1 1840
1 8827
1 6992
1 12172
1 220
1 11284
1 3762
1 4650
1 3500
1 9756
1 7494
1 7515
1 2673
1 7158
1 6237
1 9978
1 8280
1 13314
1 8325
1 3165
1 10071
1 12490
1 3262
1 2242
1 16611
1 13212
1 1466
1 6348
1 16890
1 5108
1 10198
1 239
1 7527
1 3997
1 3898
1 14282
1 3175
1 11655
1 487
1 7786
1 1476
1 9334
1 2541
1 962
1 10476
1 10800
1 7597
1 3591
1 7496
1 11370
1 43
1 9844
1 11843
1 2092
1 12801
1 4317
1 5570
1 3893
1 4017
1 16233
1 3310
1 15988
1 1959
1 12502
1 4856
1 3014
1 6035
1 2730
1 16917
1 9603
1 3049
1 12108
1 4356
1 12675
1 14143
1 9089
1 2045
1 10144
1 1440
1 6352
1 772
1 5959
1 15531
1 9954
1 7978
1 8278
1 10078
1 3042
1 16362
1 15835
1 13712
1 2707
1 5623
1 5565
1 10605
1 1626
1 2480
1 4052
1 12361
1 7821
1 1517
1 10566
1 8263
1 12914
1 11163
1 14675
1 721
1 4506
1 14313
1 11878
1 1200
1 15382
1 4327
1 13659
1 1181
1 3637
1 4886
1 1601
1 10453
1 294
1 12864
1 7986
1 4640
1 9845
1 10217
1 4547
1 15483
1 489
1 8462
1 1026
1 255
1 2759
1 3270
1 5747
1 11765
1 7312
1 5143
1 3554
1 5679
1 2945
1 7102
1 8923
1 2221
1 877
1 7547
1 15773
1 6970
1 917
1 3018
1 4731
1 14574
1 7298
1 16527
1 10925
1 8158
1 2883
1 15795
1 7504
1 6297
1 14607
1 16812
1 2500
1 1200
1 12753
1 6466
1 15094
1 16667
1 12203
1 5285
1 530
1 107
1 15838
1 5169
1 2264
1 2752
1 9848
1 11752
1 381
1 2743
1 3882
1 1926
1 985
1 16839
1 1161
1 11100
1 3735
1 13705
1 12723
1 8878
1 13696
1 4685
1 1785
1 13853
1 447
1 2902
1 2140
1 9709
1 3385
1 1765
1 13283
1 6848
1 5375
1 16450
1 3665
1 1356
1 2343
1 16043
1 3847
1 1965
1 12453
1 1110
1 4797
1 558
1 11058
1 2358
1 4660
1 12213
1 1219
1 10054
1 4834
1 15093
1 12563
1 2444
1 3214
1 1073
1 12479
1 3808
1 6709
1 2669
1 11571
1 3673
1 6536
1 153
1 1951
1 646
1 13786
1 15398
1 6108
1 10391
1 6440
1 16860
1 4032
1 5967
1 6041
1 2596
1 9464
1 9220
1 6268
1 2855
1 16441
1 4522
1 14950
1 550
1 1987
1 655
1 5253
1 5584
1 3015
1 8252
1 5195
1 1188
1 1189
1 9112
1 1149
1 7789
1 3269
1 624
1 10967
1 9235
1 5530
1 5230
1 1228
1 4568
1 12986
1 1110
1 9188
1 755
1 2378
1 5824
1 8370
1 15234
1 11593
1 11157
1 740
1 15182
1 4371
1 716
1 9968
1 11646
1 8133
1 13193
1 14977
1 5794
1 7265
1 4945
1 9447
1 12327
1 10639
1 5034
1 8771
1 52
1 755
1 16084
1 7844
1 11003
1 7170
1 550
1 4560
1 13802
1 10539
1 5301
1 14025
1 8708
1 10723
1 11554
1 15335
1 10158
1 12136
1 42
1 3611
1 4117
1 8551
1 9002
1 12614
1 2521
1 9164
1 483
1 11007
1 10083
1 433
1 6294
1 3846
1 6688
1 14502
1 3677
1 10307
1 5519
1 4036
1 12103
1 12661
1 10325
1 2540
1 7400
1 8953
1 9535
1 167
1 11344
1 16635
1 12912
1 272
1 3944
1 8861
1 10697
1 12032
1 5866
1 4250
1 1055
1 12768
1 11337
1 15113
1 15248
1 6541
1 3981
1 501
1 1935
1 1259
1 430
1 11465
1 13244
1 12457
1 3016
1 1634
1 8776
1 6219
1 16700
1 7592
1 9106
1 13141
1 4863
1 4881
1 4538
1 95
1 5701
1 5258
1 1353
1 10598
1 13661
1 1404
1 3951
1 2230
1 14041
1 3068
1 12986
1 11162
1 5587
1 12263
1 4069
1 7645
1 9281
1 13984
1 8027
1 8460
1 2759
1 10056
1 16405
1 13749
1 5459
1 918
1 14169
1 14195
1 285
1 701
1 11909
1 1450
1 7848
1 3086
1 332
1 6243
1 9187
1 13101
1 1069
1 6296
1 2712
1 502
1 9960
1 2222
1 4686
1 1199
1 698
1 4496
1 2735
1 7650
1 3591
1 510
1 8705
1 3871
1 5088
1 2204
1 132
1 13368
1 4305
1 1861
1 16403
1 1444
1 3244
1 6667
1 15005
1 10536
1 1188
1 15686
1 4581
1 5151
1 6298
1 3981
1 3679
1 2894
1 1471
1 1287
1 9241
1 3211
1 536
1 1192
1 16419
1 14177
1 3341
1 4303
1 16255
1 4229
1 10093
1 14607
1 10233
1 5123
1 5451
1 8229
1 5814
1 6860
1 6442
1 15807
1 10204
1 14544
1 4373
1 8241
1 12393
1 1466
1 2312
1 5733
1 11610
1 672
1 9120
1 13428
1 13502
1 13283
1 1215
1 1763
1 7179
1 8232
1 371
1 3599
1 9554
1 2558
1 9901
1 1458
1 10533
1 12068
1 9126
1 15651
1 161
1 94
1 16045
1 1368
1 4847
1 15179
1 14943
1 4084
1 789
1 1974
1 9319
1 5832
1 1508
1 12696
1 391
1 6624
1 3358
1 16139
1 16959
1 14721
1 15158
1 4277
1 10289
1 11360
1 1746
1 16107
1 5202
1 1211
1 15097
1 13863
1 4081
1 1408
1 26
1 1370
1 2760
1 4616
1 16275
1 13911
1 12270
1 4581
1 9463
1 8618
1 8553
1 3230
1 2240
1 3736
1 321
1 11805
1 12830
1 8811
1 11154
1 7112
1 8978
1 8174
1 2367
1 16795
1 8562
1 10626
1 6300
1 4108
1 3167
1 2218
1 10117
1 9657
1 9662
1 1009
1 15836
1 13005
1 8028
1 12255
1 3313
1 4238
1 3478
1 6687
1 5352
1 1443
1 1491
1 16885
1 3347
1 13703
1 8953
1 15415
1 6161
1 1339
1 10452
1 6744
1 13363
1 13668
1 808
1 3597
1 2179
1 10960
1 11884
1 13718
1 13534
1 703
1 5259
1 1764
1 15844
1 175
1 16506
1 2434
1 27
1 349
1 3371
1 16979
1 2352
1 10694
1 5565
1 9128
1 5988
1 6419
1 13770
1 9164
1 6704
1 13942
1 1668
1 10752
1 6416
1 7687
1 1715
1 3320
1 27
1 14206
1 4226
1 9006
1 12244
1 15043
1 9611
1 1773
1 5165
1 13332
1 9966
1 16084
1 7575
1 2477
1 620
1 4947
1 4018
1 1944
1 5809
1 1716
1 8695
1 5256
1 15866
1 832
1 11942
1 13659
1 11886
1 1243
1 5286
1 7615
1 1656
1 5288
1 1739
1 12506
1 3392
1 5403
1 1199
1 9183
1 3922
1 12195
1 9905
1 2329
1 9110
1 8080
1 4968
1 8
1 1009
1 15309
1 14729
1 3503
1 4444
1 10605
1 628
1 921
1 5399
1 8721
1 12092
1 12904
1 11969
1 10543
1 2330
1 4899
1 2117
1 8319
1 2719
1 12783
1 2221
1 797
1 5962
1 4843
1 14894
1 8319
1 180
1 10697
1 3271
1 11159
1 808
1 1209
1 13792
1 6740
1 12595
1 12325
1 14737
1 14965
1 569
1 3585
1 16045
1 2450
1 10791
1 5781
1 12141
1 15096
1 13666
1 16421
1 3428
1 8353
1 7307
1 4309
1 15357
1 6366
1 4508
1 2355
1 1938
1 883
1 15311
1 5081
1 2072
1 1605
1 2208
1 29
1 10940
1 4623
1 6229
1 2153
1 5384
1 11750
1 4753
1 1352
1 3687
1 3432
1 15677
1 7701
1 3914
1 3075
1 7142
1 9253
1 2472
1 1922
1 128
1 11002
1 628
1 2732
1 5233
1 1663
1 767
1 12712
1 4859
1 15024
1 10083
1 11188
1 534
1 10577
1 7055
1 14785
1 5683
1 8314
1 5890
1 8160
1 5579
1 5733
1 16009
1 3353
1 7631
1 3531
1 13554
1 7070
1 7943
1 6931
1 9303
1 12113
1 9302
1 12377
1 2044
1 10081
1 9427
1 11138
1 427
1 13906
1 9304
1 13424
1 3744
1 4253
1 6174
1 195
1 12891
1 10620
1 17
1 16620
1 9245
1 9135
1 8961
1 4904
1 15021
1 1485
1 917
1 14988
1 4457
1 10004
1 10537
1 4399
1 10699
1 479
1 5489
1 11707
1 15764
1 7199
1 379
1 5181
1 11877
1 5316
1 5298
1 12377
1 4236
1 13780
1 86
1 8058
1 5161
1 4659
1 13658
1 12563
1 3607
1 15568
1 15578
1 672
1 1005
1 5152
1 2316
1 11625
1 16944
1 15726
1 1134
1 13939
1 11540
1 1359
1 12433
1 2038
1 1365
1 210
1 13410
1 3533
1 10351
1 3333
1 5933
1 14646
1 2059
1 7277
1 2740
1 11551
1 12715
1 7458
1 12244
1 13533
1 511
1 9904
1 3021
1 16286
1 3451
1 13130
1 1902
1 1955
1 1529
1 1972
1 9363
1 16932
1 5590
1 10368
1 2165
1 5807
1 6083
1 12766
1 1199
1 276
1 2774
1 11351
1 12800
1 12934
1 13753
1 2153
1 11899
1 1451
1 9627
1 8730
1 10979
1 15846
1 11317
1 703
1 2295
1 5565
1 4378
1 15066
1 11159
1 495
1 3333
1 1137
1 16549
1 11980
1 2200
1 11706
1 15620
1 4814
1 287
1 746
1 3981
1 2434
1 9315
1 13454
1 6925
1 480
1 10684
1 7185
1 8775
1 15993
1 9281
1 13083
1 360
1 7922
1 421
1 5869
1 3293
1 4086
1 4744
1 2485
1 8449
1 3637
1 2523
1 4814
1 11570
1 1395
1 2811
1 1266
1 6136
1 15517
1 15118
1 14236
1 15548
1 3691
1 14846
1 1485
1 1945
1 1227
1 247
1 3812
1 6286
1 15815
1 2535
1 10110
1 7636
1 3142
1 571
1 5211
1 673
1 5855
1 2298
1 10195
1 9442
1 13677
1 10792
1 13948
1 407
1 7810
1 3470
1 4065
1 13680
1 639
1 6558
1 12171
1 2751
1 3870
1 432
1 765
1 996
1 3400
1 9176
1 64
1 11231
1 1461
1 11939
1 12786
1 15328
1 5850
1 5889
1 13410
1 4884
1 2616
1 7886
1 3978
1 8852
1 5346
1 3028
1 1961
1 11271
1 2445
1 16413
1 6422
1 9930
1 5791
1 6020
1 15367
1 4335
1 2460
1 1776
1 15304
1 6360
1 12565
1 12355
1 11310
1 2462
1 3573
1 8816
1 6787
1 2593
1 4685
1 2147
1 5150
1 88
1 9491
1 8160
1 8653
1 2559
1 7454
1 3945
1 9977
1 3338
1 72
1 12659
1 13779
1 4607
1 7466
1 2162
1 4547
1 4314
1 6399
1 12331
1 243
1 6197
1 7880
1 8272
1 7096
1 2338
1 11018
1 16123
1 14119
1 7147
1 8385
1 3275
1 11697
1 8721
1 252
1 9146
1 10966
1 5144
1 7450
1 4108
1 15263
1 767
1 9098
1 959
1 10143
1 11065
1 5188
1 16048
1 10708
1 9164
1 1371
1 3615
1 15344
1 13299
1 7884
1 14456
1 3157
1 10681
1 16520
1 10877
1 5690
1 477
1 549
1 5400
1 3709
1 8459
1 9164
1 709
1 6811
1 10772
1 8841
1 28
1 1948
1 1054
1 1793
1 15285
1 3175
1 12469
1 13637
1 280
1 2859
1 9589
1 1071
1 11417
1 9072
1 10673
1 7147
1 11633
1 11977
1 11856
1 14
1 15200
1 12390
1 1717
1 5814
1 10357
1 68
1 13472
1 13031
1 3605
1 380
1 1521
1 16015
1 13813
1 20
1 5784
1 5381
1 5214
1 6558
1 507
1 16218
1 15179
1 1920
1 5873
1 2475
1 12607
1 4740
1 9245
1 5768
1 2788
1 1019
1 3010
1 10678
1 52
1 3099
1 957
1 4267
1 12564
1 3908
1 2979
1 1682
1 1520
1 1625
1 1937
1 3944
1 13792
1 1859
1 2798
1 3418
1 5228
1 13617
1 9162
1 15044
1 14535
1 15144
1 442
1 11154
1 16201
1 960
1 3175
1 4397
1 4112
1 1882
1 3207
1 604
1 119
1 2060
1 2914
1 12661
1 11899
1 1111
1 11669
1 3057
1 5685
1 5483
1 2337
1 8874
1 8857
1 12190
1 12871
1 4578
1 2196
1 11623
1 12138
1 7763
1 3096
1 13197
1 5926
1 14818
1 2034
1 10371
1 1932
1 2211
1 10730
1 5134
1 4222
1 5674
1 15894
1 8699
1 1310
1 8791
1 7838
1 6484
1 5137
1 8073
1 7541
1 12241
1 12960
1 1355
1 335
1 8989
1 10153
1 8548
1 13786
1 4479
1 13442
1 14155
1 1344
1 9092
1 3959
1 5868
1 1838
1 12450
1 14
1 13922
1 14318
1 1867
1 5807
1 3786
1 14437
1 2909
1 7972
1 9559
1 6602
1 746
1 446
1 810
1 6029
1 3923
1 1837
1 14675
1 13419
1 3556
1 326
1 4795
1 2653
1 4824
1 546
1 1196
1 14918
1 6457
1 12449
1 2895
1 4671
1 16166
1 5734
1 1260
1 11140
1 12614
1 6584
1 1015
1 10484
1 6456
1 12004
1 6030
1 1766
1 12331
1 12563
1 972
1 15025
1 2306
1 4098
1 5920
1 1948
1 9597
1 13636
1 6035
1 3178
1 2686
1 8909
1 8089
1 13300
1 6257
1 16850
1 2742
1 5748
1 13658
1 672
1 8437
1 8772
1 13541
1 1722
1 2358
1 13771
1 7372
1 6632
1 5812
1 14617
1 15350
1 12311
1 11511
1 9454
1 2982
1 11455
1 6534
1 6395
1 12447
1 11353
1 888
1 2112
1 13138
1 9829
1 10856
1 10098
1 13693
1 15892
1 654
1 302
1 90
1 4859
1 1348
1 6094
1 15742
1 917
1 14371
1 16218
1 10096
1 3147
1 760
1 2894
1 320
1 3619
1 13914
1 11364
1 981
1 3678
1 3808
1 5096
1 3638
1 906
1 1313
1 7373
1 12975
1 7902
1 15686
1 13184
1 4348
1 671
1 7129
1 10409
1 4086
1 2917
1 10523
1 16361
1 3411
1 13700
1 1955
1 418
1 15303
1 15544
1 11166
1 8900
1 4017
1 15810
1 11140
1 4492
1 881
1 6793
1 7265
1 7621
1 1310
1 8058
1 11512
1 7329
1 3322
1 1154
1 15990
1 2735
1 345
1 2887
1 9025
1 12594
1 10801
1 7171
1 16774
1 4069
1 641
1 8816
1 9636
1 12356
1 11098
1 6731
1 1886
1 1898
1 13678
1 5473
1 14576
1 3877
1 3561
1 5725
1 13034
1 13518
1 2136
1 1508
1 5189
1 4626
1 5108
1 16155
1 11206
1 1789
1 11298
1 2369
1 11903
1 1320
1 6704
1 11625
1 2148
1 13758
1 6724
1 7545
1 14323
1 8750
1 2807
1 2928
1 959
1 95
1 7912
1 8067
1 4381
1 2470
1 16065
1 13053
1 5571
1 1642
1 9361
1 10332
1 4952
1 1203
1 6426
1 1657
1 15692
1 13563
1 7082
1 12606
1 8327
1 16115
1 13715
1 12714
1 2833
1 191
1 11764
1 45
1 11043
1 12233
1 14382
1 8161
1 1186
1 9330
1 9014
1 2870
1 172
1 1948
1 12830
1 16156
1 1995
1 4432
1 9305
1 5457
1 12484
1 4450
1 6360
1 1665
1 1547
1 15453
1 4885
1 4382
1 2550
1 1913
1 2957
1 15008
1 1012
1 10117
1 4801
1 2540
1 15007
1 1434
1 16795
1 5873
1 6344
1 9903
1 1226
1 4047
1 3119
1 739
1 7798
1 9207
1 5278
1 5830
1 11181
1 344
1 2094
1 2202
1 1946
1 11259
1 944
1 16706
1 9417
1 16970
1 10181
1 1182
1 9720
1 5603
1 4649
1 1517
1 3506
1 7713
1 11499
1 888
1 12618
1 4313
1 2291
1 1793
1 2123
1 2640
1 14728
1 11166
1 13718
1 4003
1 8598
1 9790
1 266
1 11221
1 13217
1 8635
1 16037
1 1264
1 3191
1 2038
1 5072
1 230
1 13374
1 63
1 8384
1 4124
1 226
1 8604
1 13953
1 10465
1 16105
1 15180
1 6899
1 3726
1 7803
1 1237
1 13883
1 8735
1 267
1 16192
1 11147
1 4
1 436
1 4472
1 15112
1 4112
1 12045
1 9004
1 2450
1 15111
1 5000
1 2935
1 11646
1 5459
1 8400
1 5697
1 12395
1 15815
1 15795
1 11286
1 9191
1 5113
1 810
1 2582
1 11360
1 7855
1 4526
1 9417
1 14555
1 2715
1 4960
1 3108
1 8969
1 16415
1 11641
1 4749
1 11264
1 1149
1 1714
1 2129
1 9811
1 6312
1 5046
1 3885
1 11285
1 7203
1 13711
1 2
1 12489
1 13853
1 12379
1 5621
1 5534
1 2181
1 9159
1 7633
1 7306
1 2628
1 11142
1 272
1 15812
1 14019
1 6045
1 15342
1 12388
1 7402
1 2128
1 3221
1 4640
1 603
1 2282
1 2048
1 15979
1 12930
1 1590
1 239
1 5031
1 2722
1 16395
1 4612
1 6202
1 1144
1 5464
1 9264
1 4003
1 8947
1 2292
1 943
1 10918
1 10909
1 12569
1 6664
1 5090
1 3119
1 1731
1 16184
1 3007
1 16242
1 3449
1 7283
1 2861
1 1477
1 1746
1 2091
1 8893
1 4898
1 878
1 13712
1 6437
1 5814
1 2330
1 2176
1 13616
1 3947
1 3133
1 12302
1 9256
1 7250
1 17
1 7886
1 12686
1 14068
1 7166
1 2688
1 484
1 11671
1 5982
1 8420
1 13345
1 5168
1 220
1 4305
1 3062
1 11916
1 5525
1 7207
1 8712
1 6919
1 1670
1 7452
1 5899
1 3089
1 461
1 1141
1 1813
1 2711
1 5963
1 936
1 2705
1 7120
1 15794
1 115
1 7992
1 7326
1 9543
1 15097
1 16668
1 13539
1 9439
1 8700
1 9564
1 12091
1 884
1 9773
1 10363
1 14239
1 15
1 2977
1 1903
1 16144
1 6158
1 13747
1 6701
1 14037
1 9291
1 13865
1 5459
1 6807
1 564
1 5975
1 4295
1 155
1 15409
1 15498
1 11881
1 12204
1 1590
1 1614
1 10871
1 9966
1 12206
1 7451
1 7226
1 3947
1 7564
1 956
1 12651
1 16032
1 13187
1 9561
1 9927
1 11216
1 4012
1 16256
1 237
1 6574
1 14854
1 3585
1 8001
1 8175
1 3069
1 3533
1 3914
1 8339
1 1837
1 7106
1 11921
1 4400
1 3477
1 981
1 4084
1 1107
1 10900
1 4494
1 15438
1 1324
1 5027
1 13640
1 7104
1 8653
1 13831
1 3536
1 9688
1 9672
1 6787
1 7494
1 12756
1 8971
1 7924
1 15073
1 140
1 5772
1 982
1 6439
1 3052
1 3549
1 6068
1 11019
1 10723
1 13428
1 13043
1 3018
1 5268
1 11758
1 10676
1 10768
1 14396
1 8859
1 2201
1 16318
1 7435
1 5800
1 4083
1 2085
1 13638
1 15223
1 7427
1 11328
1 1519
1 1823
1 5978
1 1622
1 9140
1 9212
1 15709
1 47
1 4964
1 1497
1 3091
1 1034
1 15882
1 9917
1 12914
1 1828
1 10605
1 47
1 184
1 3917
1 13364
1 2033
1 10217
1 12986
1 11127
1 6501
1 10549
1 6629
1 16341
1 7892
1 7020
1 12437
1 12105
1 1014
1 9432
1 6215
1 6130
1 7452
1 8504
1 2563
1 1014
1 4480
1 14055
1 10049
1 15498
1 10962
1 1181
1 5801
1 1104
1 9841
1 13942
1 12161
1 10472
1 8820
1 7356
1 4852
1 7458
1 44
1 2136
1 2175
1 2863
1 5764
1 9917
1 12834
1 2221
1 15337
1 16523
1 8791
1 5794
1 11706
1 9794
1 12780
1 14939
1 8853
1 5148
1 250
1 13912
1 9426
1 16193
1 1192
1 14782
1 14519
1 2171
1 12213
1 4789
1 14
1 485
1 1180
1 12128
1 541
1 15309
1 1719
1 15675
1 5161
1 4137
1 11760
1 881
1 11450
1 16437
1 3111
1 15098
1 13848
1 7631
1 3071
1 8785
1 10173
1 16045
1 2256
1 3025
1 2388
1 11056
1 10408
1 9552
1 197
1 5506
1 3757
1 7940
1 12954
1 7499
1 3641
1 7209
1 12025
1 903
1 6720
1 11939
1 1697
1 9297
1 14708
1 5842
1 6288
1 9171
1 3473
1 13720
1 7558
1 16299
1 11757
1 4030
1 16472
1 9579
1 1965
1 12295
1 7065
1 10549
1 7758
1 3440
1 13194
1 814
1 7492
1 842
1 3080
1 14971
1 732
1 3414
1 3642
1 7156
1 805
1 8001
1 15051
1 5752
1 14862
1 1999
1 14268
1 13442
1 1104
1 2342
1 1122
1 12854
1 9210
1 7378
1 8330
1 5501
1 477
1 14607
1 1418
1 7722
1 14019
1 5590
1 16648
1 7065
1 1343
1 13507
1 3574
1 4479
1 7436
1 6433
1 5400
1 14870
1 12335
1 9356
1 7405
1 2448
1 2733
1 67
1 9809
1 4812
1 7687
1 15783
1 1519
1 2896
1 5485
1 758
1 6696
1 1757
1 10681
1 10993
1 6204
1 849
1 2315
1 15895
1 7461
1 1032
1 11819
1 12866
1 7510
1 6419
1 4527
1 9030
1 13597
1 3016
1 12824
1 1372
1 16850
1 15501
1 1538
1 3095
1 13959
1 12694
1 4112
1 68
1 3471
1 1300
1 13198
1 4694
1 2406
1 3000
1 13945
1 1456
1 12305
1 6519
1 15966
1 2166
1 6493
1 8880
1 3753
1 6055
1 7408
1 5112
1 13410
1 12769
1 9312
1 7270
1 9286
1 1399
1 10090
1 9660
1 11062
1 6456
1 11918
1 10752
1 11673
1 5341
1 9653
1 852
1 9996
1 11210
1 11201
1 3795
1 8822
1 1074
1 483
1 683
1 9369
1 8465
1 12790
1 15645
1 459
1 14758
1 12420
1 97
1 16077
1 2753
1 6015
1 3842
1 2531
1 1700
1 2470
1 12090
1 1992
1 7328
1 615
1 5740
1 1756
1 1259
1 1141
1 13442
1 9332
1 3248
1 13515
1 1308
1 2159
1 7035
1 3811
1 8028
1 12115
1 1665
1 2818
1 271
1 628
1 549
1 12561
1 15972
1 4043
1 4812
1 4656
1 8392
1 1122
1 101
1 1718
1 5451
1 1707
1 13443
1 14627
1 6987
1 16771
1 2235
1 14722
1 9953
1 3752
1 10222
1 226
1 7136
1 2049
1 5123
1 6825
1 12507
1 10495
1 11922
1 10304
1 4958
1 10025
1 430
1 12967
1 3727
1 11986
1 4269
1 1741
1 2052
1 8033
1 3612
1 12332
1 6202
1 16088
1 5
1 3781
1 3591
1 12088
1 9460
1 16248
1 3347
1 8475
1 7350
1 2503
1 13949
1 3170
1 12445
1 4285
1 13254
1 11032
1 15270
1 534
1 3981
1 4702
1 5746
1 12130
1 13699
1 8302
1 11563
1 16416
1 7175
1 12497
1 12840
1 4157
1 16670
1 1479
1 11517
1 7167
1 249
1 4964
1 9910
1 15604
1 8448
1 12076
1 7726
1 6612
1 11996
1 11680
1 6700
1 7267
1 2853
1 2549
1 6408
1 2280
1 12479
1 5821
1 1837
1 6508
1 10028
1 1117
1 11835
1 4942
1 2794
1 1353
1 12781
1 5058
1 4281
1 10700
1 9519
1 8107
1 3414
1 4508
1 6781
1 7136
1 6311
1 10396
1 2588
1 14553
1 15253
1 10362
1 9727
